spikeLeft,576,192,00165BAA,0,1,1,4294967295,0,0
spikeLeft,320,288,00092BAE,0,1,1,4294967295,0,0
spikeLeft,96,256,00352FA8,0,1,1,4294967295,0,0
spikeLeft,640,96,00051AE8,0,1,1,4294967295,0,0
spikeUp,128,512,00070186,0,1,1,4294967295,0,0
spikeUp,320,512,001FD857,0,1,1,4294967295,0,0
spikeUp,352,512,003502BE,0,1,1,4294967295,0,0
spikeUp,384,512,002ED5F7,0,1,1,4294967295,0,0
spikeUp,416,512,00094F3B,0,1,1,4294967295,0,0
spikeUp,448,512,00001B60,0,1,1,4294967295,0,0
spikeUp,576,448,0038A09E,0,1,1,4294967295,0,0
spikeUp,544,352,00055943,0,1,1,4294967295,0,0
spikeUp,704,320,0021C41E,0,1,1,4294967295,0,0
spikeUp,672,320,00097EE3,0,1,1,4294967295,0,0
spikeUp,640,320,0037493C,0,1,1,4294967295,0,0
spikeUp,352,256,00181151,0,1,1,4294967295,0,0
spikeUp,640,160,002E04BC,0,1,1,4294967295,0,0
spikeUp,672,160,0023DA47,0,1,1,4294967295,0,0
spikeUp,704,160,00077611,0,1,1,4294967295,0,0
spikeUp,480,96,001282CF,0,1,1,4294967295,0,0
spikeRight,512,160,001E7A21,0,1,1,4294967295,0,0
spikeRight,544,256,001A930F,0,1,1,4294967295,0,0
spikeRight,544,288,0011E8C6,0,1,1,4294967295,0,0
spikeDown,288,192,00152E2D,0,1,1,4294967295,0,0
spikeDown,352,192,00378994,0,1,1,4294967295,0,0
spikeDown,416,192,001DD7F1,0,1,1,4294967295,0,0
spikeUp,288,128,003FD0D2,0,1,1,4294967295,0,0
spikeUp,352,128,003DBD03,0,1,1,4294967295,0,0
spikeUp,416,128,0007EB4E,0,1,1,4294967295,0,0
spikeUp,96,320,0013585E,0,1,1,4294967295,0,0
spikeDown,96,384,003E7DF3,0,1,1,4294967295,0,0
spikeRight,576,384,0013606B,0,1,1,4294967295,0,0
spikeRight,608,480,00179A13,0,1,1,4294967295,0,0
spikeUp,288,224,00343FB5,0,1,1,4294967295,0,0
spikeDown,256,224,003EAC8C,0,1,1,4294967295,0,0
spikeUp,416,224,001CE8DF,0,1,1,4294967295,0,0
spikeDown,224,288,00176C4B,0,1,1,4294967295,0,0
spikeDown,640,384,0000242A,0,1,1,4294967295,0,0
spikeRight,384,288,00242439,0,1,1,4294967295,0,0
spikeUp,192,512,002D83D8,0,1,1,4294967295,0,0
spikeRight,128,256,0037C126,0,1,1,4294967295,0,0
spikeRight,480,352,00251213,0,1,1,4294967295,0,0
spikeUp,448,320,00300CCD,0,1,1,4294967295,0,0
spikeDown,576,128,00116F5D,0,1,1,4294967295,0,0
spikeDown,352,320,000F05B6,0,1,1,4294967295,0,0
spikeRight,672,96,003FC4C6,0,1,1,4294967295,0,0
spikeUp,320,320,0039B71E,0,1,1,4294967295,0,0
spikeDown,384,416,000AC83F,0,1,1,4294967295,0,0
spikeDown,416,480,0014AA8D,0,1,1,4294967295,0,0
spikeDown,320,64,0037B5C3,0,1,1,4294967295,0,0
spikeLeft,160,160,001FD24C,0,1,1,4294967295,0,0
SpikeTrap,96,480,00205770,0,1,1,4294967295,0,1
SpikeTrap,512,224,0039719C,0,1,1,4294967295,0,1
camera,96,544,003C74C1,0,1,1,4294967295,0,0
Sign,1184,544,00279CE8,0,1,1,4294967295,0,1
savePoint,32,544,001369B8,0,1,1,4294967295,0,0
SecretItem,768,144,0000F9AB,0,1,1,4294967295,0,0
playerStart,0,544,00403DE1,0,1,1,4294967295,0,0
SpikeTrigger,800,192,000FB36B,0,1,1,4294967295,0,1
TitleCard,768,0,001FD8D7,0,1,1,4294967295,0,0
block,256,384,003DD00F,0,1,3,4294967295,0,0
block,320,352,00225A61,0,1,2,4294967295,0,0
block,384,352,0020A92C,0,1,2,4294967295,0,0
block,448,352,002E73BA,0,1,2,4294967295,0,0
block,352,288,000B4F40,0,1,1,4294967295,0,0
block,512,384,003636EA,0,2,1,4294967295,0,0
block,640,352,00025AA6,0,3,1,4294967295,0,0
block,736,576,003CC50A,0,19,1,4294967295,0,0
block,608,192,002EC1A4,0,6,1,4294967295,0,0
block,512,256,0010FD55,0,1,2,4294967295,0,0
block,608,64,002599B3,0,6,1,4294967295,0,0
block,480,32,000C2024,0,2,1,4294967295,0,0
block,224,0,003DA01A,0,8,1,4294967295,0,0
block,192,32,002D7E4B,0,1,6,4294967295,0,0
block,256,192,002CAF76,0,1,1,4294967295,0,0
block,288,160,00207F1C,0,1,1,4294967295,0,0
block,352,160,00356DB0,0,1,1,4294967295,0,0
block,480,128,0034FA30,0,1,1,4294967295,0,0
block,576,480,0002D4BB,0,1,2,4294967295,0,0
block,672,480,001CEE8D,0,1,1,4294967295,0,0
block,192,256,003472BE,0,2,1,4294967295,0,0
block,0,128,0017F77D,0,1,11,4294967295,0,0
block,320,32,002DFAA6,0,1,1,4294967295,0,0
block,1024,416,0006C257,0,1,3,4294967295,0,0
block,1056,384,001AA4F7,0,9,1,4294967295,0,0
block,1344,416,003C1DE5,0,1,5,4294967295,0,0
block,-32,480,00263639,0,1,3,4294967295,0,0
block,800,96,000AEC02,0,1,3,4294967295,0,0
block,0,576,51C7D6C1,0,3,1,4294967295,0,0
block,128,544,A25B43D9,0,1,2,4294967295,0,0
block,192,544,5575F1C3,0,9,2,4294967295,0,0
block,512,544,C1FB1C74,0,4,2,4294967295,0,0
block,736,512,322EA263,0,10,1,4294967295,0,0
block,736,224,EDF85695,0,1,9,4294967295,0,0
block,544,64,42969E77,0,2,2,4294967295,0,0
block,416,160,186CB768,0,3,1,4294967295,0,0
block,32,96,4F04485C,0,5,1,4294967295,0,0
block,96,352,912313E2,0,1,1,4294967295,0,0
block,64,352,35A75570,0,1,5,4294967295,0,0
