spikeLeft,352,128,002D17C5,0,1,1,4294967295,0,0
spikeLeft,480,96,00075654,0,1,1,4294967295,0,0
spikeLeft,608,80,0020B2F5,0,1,1,4294967295,0,0
spikeLeft,736,256,0029ABDD,0,1,1,4294967295,0,0
spikeLeft,544,288,003F040F,0,1,1,4294967295,0,0
spikeLeft,416,448,0003F58A,0,1,1,4294967295,0,0
spikeLeft,544,480,0004C21C,0,1,1,4294967295,0,0
spikeLeft,288,416,003B543D,0,1,1,4294967295,0,0
spikeUp,96,544,00088035,0,1,1,4294967295,0,0
spikeUp,224,352,0019F286,0,1,1,4294967295,0,0
spikeUp,288,96,00099478,0,1,1,4294967295,0,0
spikeUp,384,64,00188FBC,0,1,1,4294967295,0,0
spikeUp,576,448,0009C3C4,0,1,1,4294967295,0,0
spikeUp,608,448,00293042,0,1,1,4294967295,0,0
spikeUp,352,384,0027EFF1,0,1,1,4294967295,0,0
spikeDown,224,320,00091023,0,1,1,4294967295,0,0
spikeDown,256,192,00306F5F,0,1,1,4294967295,0,0
spikeUp,192,544,003234F0,0,1,1,4294967295,0,0
spikeUp,224,544,001E1338,0,1,1,4294967295,0,0
spikeUp,256,544,00213047,0,1,1,4294967295,0,0
spikeUp,320,544,001B7779,0,1,1,4294967295,0,0
spikeUp,352,544,00240D12,0,1,1,4294967295,0,0
spikeUp,384,544,002304C2,0,1,1,4294967295,0,0
spikeUp,416,544,001A6AF8,0,1,1,4294967295,0,0
spikeUp,512,544,00237A27,0,1,1,4294967295,0,0
spikeUp,672,544,003CA1F0,0,1,1,4294967295,0,0
spikeRight,256,416,00315FB2,0,1,1,4294967295,0,0
spikeRight,384,448,002A3D9E,0,1,1,4294967295,0,0
spikeRight,512,480,001310A8,0,1,1,4294967295,0,0
spikeRight,512,288,00247601,0,1,1,4294967295,0,0
spikeRight,448,96,0002F5FB,0,1,1,4294967295,0,0
spikeRight,576,80,00075384,0,1,1,4294967295,0,0
spikeRight,320,128,001325FE,0,1,1,4294967295,0,0
spikeRight,704,96,000465B3,0,1,1,4294967295,0,0
spikeRight,704,320,0024BB15,0,1,1,4294967295,0,0
spikeRight,640,480,00247815,0,1,1,4294967295,0,0
spikeUp,672,224,00162FFF,0,1,1,4294967295,0,0
spikeUp,640,224,001C8D30,0,1,1,4294967295,0,0
spikeDown,640,128,00157236,0,1,1,4294967295,0,0
spikeDown,640,352,002ECB96,0,1,1,4294967295,0,0
spikeDown,672,352,0023F2D2,0,1,1,4294967295,0,0
spikeDown,384,160,0038D7DE,0,1,1,4294967295,0,0
SpikeTrap,384,224,003DB76F,0,1,1,4294967295,0,1
SpikeTrap,256,224,00384310,0,1,1,4294967295,0,1
SpikeTrap,192,448,00335562,0,1,1,4294967295,0,1
SpikeTrap,640,544,002F887C,0,1,1,4294967295,0,1
SpikeTrap,608,544,000FCF27,0,1,1,4294967295,0,1
SpikeTrap,576,544,003CA21E,0,1,1,4294967295,0,1
SpikeTrap,544,544,0011D4F7,0,1,1,4294967295,0,1
SpikeTrap,448,544,00234DD2,0,1,1,4294967295,0,1
SpikeTrap,480,544,003F15EB,0,1,1,4294967295,0,1
SpikeTrap,288,544,00062F79,0,1,1,4294967295,0,1
SpikeTrap,704,256,00287FEC,0,1,1,4294967295,0,1
SpikeTrap,736,320,001360ED,0,1,1,4294967295,0,1
SpikeTrap,416,256,003C397E,0,1,1,4294967295,0,1
SpikeTrap,448,256,0005C8F2,0,1,1,4294967295,0,1
SpikeTrap,320,416,003A3DDD,0,1,1,4294967295,0,1
SpikeTrap,448,448,0016318F,0,1,1,4294967295,0,1
SpikeTrap,448,256,000757A6,0,1,1,4294967295,0,0
SpikeTrap,448,256,003E21D1,0,1,1,4294967295,0,0
SpikeTrap,448,256,000ECD5A,0,1,1,4294967295,0,1
SpikeTrap,128,416,00286A8A,0,1,1,4294967295,0,1
SpikeTrap,0,576,0004E299,0,1,1,4294967295,0,1
SpikeTrap,32,576,001E773F,0,1,1,4294967295,0,1
SpikeTrap,64,576,0027FAA7,0,1,1,4294967295,0,1
SpikeTrap,128,576,0015382D,0,1,1,4294967295,0,1
DarkBlueMouseBlock,720,304,00281C6A,0,1,1,4294967295,0,0
DarkBlueK3CrystalTrg,32,32,00188810,0,3,3,4294967295,0,0
FakeWarp,768,528,00387936,0,1,1,4294967295,0,1
savePoint,128,544,0007387C,0,1,1,4294967295,0,0
SpikeTrigger,480,432,000BD7DB,0,1,1,4294967295,0,1
SpikeTrigger,352,160,00335300,0,1,1,4294967295,0,1
playerStart,0,544,0005CBF9,0,1,1,4294967295,0,0
SpikeTrigger,-32,608,00082506,0,1,1,4294967295,0,1
TitleCard,800,0,002922FD,0,1,1,4294967295,0,0
block,64,448,0019A223,0,1,1,4294967295,0,0
block,0,32,003AE6A6,0,1,14,4294967295,0,0
block,0,0,0028A564,0,25,1,4294967295,0,0
block,128,448,0004D007,0,1,1,4294967295,0,0
block,160,512,000DA19E,0,1,2,4294967295,0,0
block,192,384,00158311,0,2,2,4294967295,0,0
block,224,256,00212AF9,0,2,2,4294967295,0,0
block,256,128,0023636F,0,2,2,4294967295,0,0
block,384,96,000C83E5,0,2,2,4294967295,0,0
block,0,576,0000DEB4,0,25,1,4294967295,0,0
block,0,480,002646F5,0,3,1,4294967295,0,0
block,512,64,0001618B,0,2,2,4294967295,0,0
block,640,64,0003171B,0,2,2,4294967295,0,0
block,384,256,00017233,0,3,3,4294967295,0,0
block,480,288,00255D38,0,1,1,4294967295,0,0
block,576,288,00350DAB,0,1,1,4294967295,0,0
block,608,256,00022CC5,0,3,3,4294967295,0,0
block,320,416,001C823E,0,2,2,4294967295,0,0
block,448,448,003C0ED9,0,2,2,4294967295,0,0
block,-32,512,0019A1DF,0,1,2,4294967295,0,0
block,800,512,0038287D,0,1,2,4294967295,0,0
block,128,480,487A469F,0,2,1,4294967295,0,0
block,768,32,5F3662C5,0,1,15,4294967295,0,0
block,576,480,07A38531,0,2,2,4294967295,0,0
