BonzoPhase2BG,0,0,002EA640,0,1,1,4294967295,0,0
TigerBonzoPhase2,400,16,0019A092,0,1,1,4294967295,0,0
spikeUp,0,320,0031C985,0,1,1,4294967295,0,0
spikeUp,768,320,001E094D,0,1,1,4294967295,0,0
spikeUp,0,320,00173830,0,1,1,4294967295,0,0
GeezerBlock,768,576,001E65B6,0,1,1,4294967295,0,0
GeezerBlock,0,576,0007848E,0,1,1,4294967295,0,0
GeezerBlock,0,480,003369E6,0,1,1,4294967295,0,0
GeezerBlock,0,512,003ED57D,0,1,1,4294967295,0,0
GeezerBlock,0,544,000BD76E,0,1,1,4294967295,0,0
GeezerBlock,0,448,0024AFF6,0,1,1,4294967295,0,0
GeezerBlock,0,416,0014C412,0,1,1,4294967295,0,0
GeezerBlock,0,384,002D7DD4,0,1,1,4294967295,0,0
GeezerBlock,0,352,0027D6AC,0,1,1,4294967295,0,0
GeezerBlock,768,352,002F9843,0,1,1,4294967295,0,0
GeezerBlock,768,544,001EB818,0,1,1,4294967295,0,0
GeezerBlock,768,512,00300A73,0,1,1,4294967295,0,0
GeezerBlock,768,480,0034373C,0,1,1,4294967295,0,0
GeezerBlock,768,448,00009AF1,0,1,1,4294967295,0,0
GeezerBlock,768,416,0001D9CE,0,1,1,4294967295,0,0
GeezerBlock,768,384,003A37C5,0,1,1,4294967295,0,0
GeezerBlock2,736,576,001FB44E,0,1,1,4294967295,0,0
GeezerBlock2,704,576,000D8FAB,0,1,1,4294967295,0,0
GeezerBlock2,672,576,0031CB67,0,1,1,4294967295,0,0
GeezerBlock2,640,576,0005C99A,0,1,1,4294967295,0,0
GeezerBlock2,608,576,002101A7,0,1,1,4294967295,0,0
GeezerBlock2,576,576,003B35DC,0,1,1,4294967295,0,0
GeezerBlock2,544,576,003D1F6D,0,1,1,4294967295,0,0
GeezerBlock2,512,576,00003B45,0,1,1,4294967295,0,0
GeezerBlock2,480,576,003179F2,0,1,1,4294967295,0,0
GeezerBlock2,448,576,0011BE45,0,1,1,4294967295,0,0
GeezerBlock2,416,576,00104BF0,0,1,1,4294967295,0,0
GeezerBlock2,384,576,003D4A0F,0,1,1,4294967295,0,0
GeezerBlock2,352,576,002BD3FA,0,1,1,4294967295,0,0
GeezerBlock2,320,576,002339BA,0,1,1,4294967295,0,0
GeezerBlock2,288,576,002A402C,0,1,1,4294967295,0,0
GeezerBlock2,256,576,0028649F,0,1,1,4294967295,0,0
GeezerBlock2,224,576,002164C9,0,1,1,4294967295,0,0
GeezerBlock2,192,576,003E0560,0,1,1,4294967295,0,0
GeezerBlock2,160,576,001CE3D3,0,1,1,4294967295,0,0
GeezerBlock2,128,576,003D6D85,0,1,1,4294967295,0,0
GeezerBlock2,96,576,0007F6FE,0,1,1,4294967295,0,0
GeezerBlock2,64,576,00209228,0,1,1,4294967295,0,0
GeezerBlock2,32,576,0009BA91,0,1,1,4294967295,0,0
BonzoBG,320,352,003746F2,0,1,1,4294967295,0,0
SDAutoSave,384,192,000A2627,0,1,1,4294967295,0,0
BonzoTimer,256,352,001389CA,0,1,1,4294967295,0,0
playerStart,384,192,002D0897,0,1,1,4294967295,0,0
Darkness,288,352,003C44FE,0,1,1,4294967295,0,1
block,0,-32,00254ACE,0,25,1,4294967295,0,0
block,800,0,0037DED1,0,1,11,4294967295,0,0
block,-32,0,000BECDE,0,1,11,4294967295,0,0
