GuyTileset,32,2784,32,224,32,32,0,1,1,4294967295
GuyTileset,0,2944,32,224,32,32,0,1,1,4294967295
GuyTileset,32,3008,32,224,32,32,0,1,1,4294967295
GuyTileset,64,3008,32,224,32,32,0,1,1,4294967295
GuyTileset,96,3008,32,224,32,32,0,1,1,4294967295
GuyTileset,128,3008,32,224,32,32,0,1,1,4294967295
GuyTileset,160,3008,32,224,32,32,0,1,1,4294967295
GuyTileset,192,3008,32,224,32,32,0,1,1,4294967295
GuyTileset,224,3008,32,224,32,32,0,1,1,4294967295
GuyTileset,256,3008,32,224,32,32,0,1,1,4294967295
GuyTileset,288,3008,32,224,32,32,0,1,1,4294967295
GuyTileset,320,3008,32,224,32,32,0,1,1,4294967295
GuyTileset,352,3008,32,224,32,32,0,1,1,4294967295
GuyTileset,384,3008,32,224,32,32,0,1,1,4294967295
GuyTileset,416,3008,32,224,32,32,0,1,1,4294967295
GuyTileset,448,3008,32,224,32,32,0,1,1,4294967295
GuyTileset,480,3008,32,224,32,32,0,1,1,4294967295
GuyTileset,512,3008,32,224,32,32,0,1,1,4294967295
GuyTileset,544,3008,32,224,32,32,0,1,1,4294967295
GuyTileset,576,3008,32,224,32,32,0,1,1,4294967295
GuyTileset,608,3008,32,224,32,32,0,1,1,4294967295
GuyTileset,640,3008,32,224,32,32,0,1,1,4294967295
GuyTileset,672,3008,32,224,32,32,0,1,1,4294967295
GuyTileset,704,3008,32,224,32,32,0,1,1,4294967295
GuyTileset,736,3008,32,224,32,32,0,1,1,4294967295
GuyTileset,736,2624,32,224,32,32,0,1,1,4294967295
GuyTileset,704,2624,32,224,32,32,0,1,1,4294967295
GuyTileset,672,2624,32,224,32,32,0,1,1,4294967295
GuyTileset,640,2624,32,224,32,32,0,1,1,4294967295
GuyTileset,608,2624,32,224,32,32,0,1,1,4294967295
GuyTileset,576,2624,32,224,32,32,0,1,1,4294967295
GuyTileset,544,2624,32,224,32,32,0,1,1,4294967295
GuyTileset,480,2624,32,224,32,32,0,1,1,4294967295
GuyTileset,448,2624,32,224,32,32,0,1,1,4294967295
GuyTileset,384,2624,32,224,32,32,0,1,1,4294967295
GuyTileset,320,2624,32,224,32,32,0,1,1,4294967295
GuyTileset,160,2624,32,224,32,32,0,1,1,4294967295
GuyTileset,192,2624,32,224,32,32,0,1,1,4294967295
GuyTileset,256,2624,32,224,32,32,0,1,1,4294967295
GuyTileset,288,2624,32,224,32,32,0,1,1,4294967295
GuyTileset,352,2624,32,224,32,32,0,1,1,4294967295
GuyTileset,128,2560,32,224,32,32,0,1,1,4294967295
GuyTileset,96,2560,32,224,32,32,0,1,1,4294967295
GuyTileset,64,2560,32,224,32,32,0,1,1,4294967295
GuyTileset,32,2560,32,224,32,32,0,1,1,4294967295
GuyTileset,224,2464,32,224,32,32,0,1,1,4294967295
GuyTileset,256,2464,32,224,32,32,0,1,1,4294967295
GuyTileset,288,2464,32,224,32,32,0,1,1,4294967295
GuyTileset,320,2464,32,224,32,32,0,1,1,4294967295
GuyTileset,352,2464,32,224,32,32,0,1,1,4294967295
GuyTileset,384,2464,32,224,32,32,0,1,1,4294967295
GuyTileset,416,2336,32,224,32,32,0,1,1,4294967295
GuyTileset,480,2272,32,224,32,32,0,1,1,4294967295
GuyTileset,512,2272,32,224,32,32,0,1,1,4294967295
GuyTileset,544,2272,32,224,32,32,0,1,1,4294967295
GuyTileset,576,2272,32,224,32,32,0,1,1,4294967295
GuyTileset,608,2304,32,224,32,32,0,1,1,4294967295
GuyTileset,640,2304,32,224,32,32,0,1,1,4294967295
GuyTileset,672,2304,32,224,32,32,0,1,1,4294967295
GuyTileset,704,2304,32,224,32,32,0,1,1,4294967295
GuyTileset,736,2304,32,224,32,32,0,1,1,4294967295
GuyTileset,736,2144,32,224,32,32,0,1,1,4294967295
GuyTileset,640,2080,32,224,32,32,0,1,1,4294967295
GuyTileset,608,2080,32,224,32,32,0,1,1,4294967295
GuyTileset,576,2080,32,224,32,32,0,1,1,4294967295
GuyTileset,544,2080,32,224,32,32,0,1,1,4294967295
GuyTileset,480,2080,32,224,32,32,0,1,1,4294967295
GuyTileset,448,2080,32,224,32,32,0,1,1,4294967295
GuyTileset,416,2080,32,224,32,32,0,1,1,4294967295
GuyTileset,384,2080,32,224,32,32,0,1,1,4294967295
GuyTileset,352,2080,32,224,32,32,0,1,1,4294967295
GuyTileset,320,2080,32,224,32,32,0,1,1,4294967295
GuyTileset,512,2080,32,224,32,32,0,1,1,4294967295
GuyTileset,288,2176,32,224,32,32,0,1,1,4294967295
GuyTileset,256,2176,32,224,32,32,0,1,1,4294967295
GuyTileset,224,2176,32,224,32,32,0,1,1,4294967295
GuyTileset,192,2176,32,224,32,32,0,1,1,4294967295
GuyTileset,160,2176,32,224,32,32,0,1,1,4294967295
GuyTileset,128,2176,32,224,32,32,0,1,1,4294967295
GuyTileset,96,2176,32,224,32,32,0,1,1,4294967295
GuyTileset,64,2176,32,224,32,32,0,1,1,4294967295
GuyTileset,32,2176,32,224,32,32,0,1,1,4294967295
GuyTileset,96,2048,32,224,32,32,0,1,1,4294967295
GuyTileset,128,2048,32,224,32,32,0,1,1,4294967295
GuyTileset,160,2048,32,224,32,32,0,1,1,4294967295
GuyTileset,192,2048,32,224,32,32,0,1,1,4294967295
GuyTileset,224,2048,32,224,32,32,0,1,1,4294967295
GuyTileset,160,1920,32,224,32,32,0,1,1,4294967295
GuyTileset,128,1920,32,224,32,32,0,1,1,4294967295
GuyTileset,96,1920,32,224,32,32,0,1,1,4294967295
GuyTileset,64,1920,32,224,32,32,0,1,1,4294967295
GuyTileset,32,1920,32,224,32,32,0,1,1,4294967295
GuyTileset,96,1792,32,224,32,32,0,1,1,4294967295
GuyTileset,128,1792,32,224,32,32,0,1,1,4294967295
GuyTileset,160,1792,32,224,32,32,0,1,1,4294967295
GuyTileset,224,1792,32,224,32,32,0,1,1,4294967295
GuyTileset,192,1664,32,224,32,32,0,1,1,4294967295
GuyTileset,160,1664,32,224,32,32,0,1,1,4294967295
GuyTileset,128,1664,32,224,32,32,0,1,1,4294967295
GuyTileset,96,1664,32,224,32,32,0,1,1,4294967295
GuyTileset,64,1664,32,224,32,32,0,1,1,4294967295
GuyTileset,32,1664,32,224,32,32,0,1,1,4294967295
GuyTileset,32,1600,32,224,32,32,0,1,1,4294967295
GuyTileset,64,1568,32,224,32,32,0,1,1,4294967295
GuyTileset,160,1568,32,224,32,32,0,1,1,4294967295
GuyTileset,192,1568,32,224,32,32,0,1,1,4294967295
GuyTileset,224,1536,32,224,32,32,0,1,1,4294967295
GuyTileset,256,1536,32,224,32,32,0,1,1,4294967295
GuyTileset,256,1440,32,224,32,32,0,1,1,4294967295
GuyTileset,192,1440,32,224,32,32,0,1,1,4294967295
GuyTileset,160,1376,32,224,32,32,0,1,1,4294967295
GuyTileset,128,1344,32,224,32,32,0,1,1,4294967295
GuyTileset,64,1376,32,224,32,32,0,1,1,4294967295
GuyTileset,32,1472,32,224,32,32,0,1,1,4294967295
GuyTileset,96,1472,32,224,32,32,0,1,1,4294967295
GuyTileset,128,1472,32,224,32,32,0,1,1,4294967295
GuyTileset,224,1344,32,224,32,32,0,1,1,4294967295
GuyTileset,256,1344,32,224,32,32,0,1,1,4294967295
GuyTileset,288,1344,32,224,32,32,0,1,1,4294967295
GuyTileset,320,1344,32,224,32,32,0,1,1,4294967295
GuyTileset,352,1344,32,224,32,32,0,1,1,4294967295
GuyTileset,384,1312,32,224,32,32,0,1,1,4294967295
GuyTileset,416,1344,32,224,32,32,0,1,1,4294967295
GuyTileset,448,1344,32,224,32,32,0,1,1,4294967295
GuyTileset,480,1344,32,224,32,32,0,1,1,4294967295
GuyTileset,512,1344,32,224,32,32,0,1,1,4294967295
GuyTileset,384,1152,32,224,32,32,0,1,1,4294967295
GuyTileset,352,1152,32,224,32,32,0,1,1,4294967295
GuyTileset,320,1152,32,224,32,32,0,1,1,4294967295
GuyTileset,288,1152,32,224,32,32,0,1,1,4294967295
GuyTileset,256,1152,32,224,32,32,0,1,1,4294967295
GuyTileset,224,1152,32,224,32,32,0,1,1,4294967295
GuyTileset,192,1152,32,224,32,32,0,1,1,4294967295
GuyTileset,64,864,32,224,32,32,0,1,1,4294967295
GuyTileset,96,864,32,224,32,32,0,1,1,4294967295
GuyTileset,128,864,32,224,32,32,0,1,1,4294967295
GuyTileset,160,864,32,224,32,32,0,1,1,4294967295
GuyTileset,192,864,32,224,32,32,0,1,1,4294967295
GuyTileset,224,864,32,224,32,32,0,1,1,4294967295
GuyTileset,256,864,32,224,32,32,0,1,1,4294967295
GuyTileset,288,864,32,224,32,32,0,1,1,4294967295
GuyTileset,320,864,32,224,32,32,0,1,1,4294967295
GuyTileset,352,864,32,224,32,32,0,1,1,4294967295
GuyTileset,384,864,32,224,32,32,0,1,1,4294967295
GuyTileset,416,864,32,224,32,32,0,1,1,4294967295
GuyTileset,448,864,32,224,32,32,0,1,1,4294967295
GuyTileset,480,864,32,224,32,32,0,1,1,4294967295
GuyTileset,32,672,32,224,32,32,0,1,1,4294967295
GuyTileset,64,672,32,224,32,32,0,1,1,4294967295
GuyTileset,192,672,32,224,32,32,0,1,1,4294967295
GuyTileset,224,672,32,224,32,32,0,1,1,4294967295
GuyTileset,256,672,32,224,32,32,0,1,1,4294967295
GuyTileset,320,672,32,224,32,32,0,1,1,4294967295
GuyTileset,352,672,32,224,32,32,0,1,1,4294967295
GuyTileset,384,672,32,224,32,32,0,1,1,4294967295
GuyTileset,416,672,32,224,32,32,0,1,1,4294967295
GuyTileset,480,672,32,224,32,32,0,1,1,4294967295
GuyTileset,512,672,32,224,32,32,0,1,1,4294967295
GuyTileset,448,672,32,224,32,32,0,1,1,4294967295
GuyTileset,288,672,32,224,32,32,0,1,1,4294967295
GuyTileset,640,672,32,224,32,32,0,1,1,4294967295
GuyTileset,672,448,32,224,32,32,0,1,1,4294967295
GuyTileset,704,448,32,224,32,32,0,1,1,4294967295
GuyTileset,736,448,32,224,32,32,0,1,1,4294967295
GuyTileset,768,448,32,224,32,32,0,1,1,4294967295
GuyTileset,544,448,32,224,32,32,0,1,1,4294967295
GuyTileset,576,448,32,224,32,32,0,1,1,4294967295
GuyTileset,608,544,32,224,32,32,0,1,1,4294967295
GuyTileset,104,608,32,224,32,32,0,1,1,4294967295
GuyTileset,152,608,32,224,32,32,0,1,1,4294967295
GuyTileset,104,640,0,224,32,32,0,1,1,4294967295
GuyTileset,152,640,0,224,32,32,0,1,1,4294967295
GuyTileset,0,160,32,224,32,32,0,1,1,4294967295
GuyTileset,96,224,32,224,32,32,0,1,1,4294967295
GuyTileset,128,224,32,224,32,32,0,1,1,4294967295
GuyTileset,160,224,32,224,32,32,0,1,1,4294967295
GuyTileset,192,224,32,224,32,32,0,1,1,4294967295
GuyTileset,224,224,32,224,32,32,0,1,1,4294967295
GuyTileset,320,224,32,224,32,32,0,1,1,4294967295
GuyTileset,448,256,32,224,32,32,0,1,1,4294967295
GuyTileset,384,352,32,224,32,32,0,1,1,4294967295
GuyTileset,448,416,32,224,32,32,0,1,1,4294967295
GuyTileset,448,512,32,224,32,32,0,1,1,4294967295
GuyTileset,384,480,32,224,32,32,0,1,1,4294967295
GuyTileset,288,512,32,224,32,32,0,1,1,4294967295
GuyTileset,256,352,32,224,32,32,0,1,1,4294967295
GuyTileset,192,480,32,224,32,32,0,1,1,4294967295
GuyTileset,128,512,32,224,32,32,0,1,1,4294967295
GuyTileset,64,512,32,224,32,32,0,1,1,4294967295
GuyTileset,64,416,32,224,32,32,0,1,1,4294967295
GuyTileset,96,384,32,224,32,32,0,1,1,4294967295
GuyTileset,32,320,32,224,32,32,0,1,1,4294967295
GuyTileset,0,2976,0,224,32,32,0,1,1,4294967295
GuyTileset,0,3008,0,224,32,32,0,1,1,4294967295
GuyTileset,128,2848,0,224,32,32,0,1,1,4294967295
GuyTileset,192,2848,0,224,32,32,0,1,1,4294967295
GuyTileset,192,2816,0,224,32,32,0,1,1,4294967295
GuyTileset,192,2784,0,224,32,32,0,1,1,4294967295
GuyTileset,192,2752,0,224,32,32,0,1,1,4294967295
GuyTileset,192,2720,0,224,32,32,0,1,1,4294967295
GuyTileset,160,2656,0,224,32,32,0,1,1,4294967295
GuyTileset,160,2688,0,224,32,32,0,1,1,4294967295
GuyTileset,160,2720,0,224,32,32,0,1,1,4294967295
GuyTileset,160,2752,0,224,32,32,0,1,1,4294967295
GuyTileset,160,2784,0,224,32,32,0,1,1,4294967295
GuyTileset,160,2816,0,224,32,32,0,1,1,4294967295
GuyTileset,160,2848,0,224,32,32,0,1,1,4294967295
GuyTileset,128,2816,0,224,32,32,0,1,1,4294967295
GuyTileset,128,2784,0,224,32,32,0,1,1,4294967295
GuyTileset,128,2752,0,224,32,32,0,1,1,4294967295
GuyTileset,128,2720,0,224,32,32,0,1,1,4294967295
GuyTileset,128,2688,0,224,32,32,0,1,1,4294967295
GuyTileset,128,2656,0,224,32,32,0,1,1,4294967295
GuyTileset,128,2624,0,224,32,32,0,1,1,4294967295
GuyTileset,128,2592,0,224,32,32,0,1,1,4294967295
GuyTileset,0,2560,0,224,32,32,0,1,1,4294967295
GuyTileset,0,2592,0,224,32,32,0,1,1,4294967295
GuyTileset,0,2624,0,224,32,32,0,1,1,4294967295
GuyTileset,0,2656,0,224,32,32,0,1,1,4294967295
GuyTileset,0,2688,0,224,32,32,0,1,1,4294967295
GuyTileset,0,2720,0,224,32,32,0,1,1,4294967295
GuyTileset,0,2752,0,224,32,32,0,1,1,4294967295
GuyTileset,0,2784,0,224,32,32,0,1,1,4294967295
GuyTileset,224,2688,0,224,32,32,0,1,1,4294967295
GuyTileset,256,2688,0,224,32,32,0,1,1,4294967295
GuyTileset,288,2688,0,224,32,32,0,1,1,4294967295
GuyTileset,384,2688,0,224,32,32,0,1,1,4294967295
GuyTileset,416,2688,0,224,32,32,0,1,1,4294967295
GuyTileset,448,2656,0,224,32,32,0,1,1,4294967295
GuyTileset,416,2656,0,224,32,32,0,1,1,4294967295
GuyTileset,384,2656,0,224,32,32,0,1,1,4294967295
GuyTileset,352,2656,0,224,32,32,0,1,1,4294967295
GuyTileset,320,2656,0,224,32,32,0,1,1,4294967295
GuyTileset,256,2656,0,224,32,32,0,1,1,4294967295
GuyTileset,224,2656,0,224,32,32,0,1,1,4294967295
GuyTileset,192,2656,0,224,32,32,0,1,1,4294967295
GuyTileset,192,2688,0,224,32,32,0,1,1,4294967295
GuyTileset,224,2720,0,224,32,32,0,1,1,4294967295
GuyTileset,224,2752,0,224,32,32,0,1,1,4294967295
GuyTileset,224,2784,0,224,32,32,0,1,1,4294967295
GuyTileset,224,2816,0,224,32,32,0,1,1,4294967295
GuyTileset,256,2816,0,224,32,32,0,1,1,4294967295
GuyTileset,288,2816,0,224,32,32,0,1,1,4294967295
GuyTileset,256,2784,0,224,32,32,0,1,1,4294967295
GuyTileset,256,2752,0,224,32,32,0,1,1,4294967295
GuyTileset,288,2784,0,224,32,32,0,1,1,4294967295
GuyTileset,320,2784,0,224,32,32,0,1,1,4294967295
GuyTileset,320,2688,0,224,32,32,0,1,1,4294967295
GuyTileset,352,2688,0,224,32,32,0,1,1,4294967295
GuyTileset,352,2720,0,224,32,32,0,1,1,4294967295
GuyTileset,320,2720,0,224,32,32,0,1,1,4294967295
GuyTileset,288,2720,0,224,32,32,0,1,1,4294967295
GuyTileset,288,2752,0,224,32,32,0,1,1,4294967295
GuyTileset,320,2752,0,224,32,32,0,1,1,4294967295
GuyTileset,384,2752,0,224,32,32,0,1,1,4294967295
GuyTileset,352,2752,0,224,32,32,0,1,1,4294967295
GuyTileset,256,2720,0,224,32,32,0,1,1,4294967295
GuyTileset,288,2656,0,224,32,32,0,1,1,4294967295
GuyTileset,352,2784,0,224,32,32,0,1,1,4294967295
GuyTileset,384,2720,0,224,32,32,0,1,1,4294967295
GuyTileset,416,2720,0,224,32,32,0,1,1,4294967295
GuyTileset,416,2752,0,224,32,32,0,1,1,4294967295
GuyTileset,448,2752,0,224,32,32,0,1,1,4294967295
GuyTileset,480,2752,0,224,32,32,0,1,1,4294967295
GuyTileset,480,2720,0,224,32,32,0,1,1,4294967295
GuyTileset,480,2656,0,224,32,32,0,1,1,4294967295
GuyTileset,480,2688,0,224,32,32,0,1,1,4294967295
GuyTileset,448,2688,0,224,32,32,0,1,1,4294967295
GuyTileset,448,2720,0,224,32,32,0,1,1,4294967295
GuyTileset,544,2752,0,224,32,32,0,1,1,4294967295
GuyTileset,576,2752,0,224,32,32,0,1,1,4294967295
GuyTileset,608,2752,0,224,32,32,0,1,1,4294967295
GuyTileset,640,2752,0,224,32,32,0,1,1,4294967295
GuyTileset,672,2752,0,224,32,32,0,1,1,4294967295
GuyTileset,704,2752,0,224,32,32,0,1,1,4294967295
GuyTileset,736,2752,0,224,32,32,0,1,1,4294967295
GuyTileset,704,2720,0,224,32,32,0,1,1,4294967295
GuyTileset,576,2720,0,224,32,32,0,1,1,4294967295
GuyTileset,544,2720,0,224,32,32,0,1,1,4294967295
GuyTileset,544,2688,0,224,32,32,0,1,1,4294967295
GuyTileset,544,2656,0,224,32,32,0,1,1,4294967295
GuyTileset,576,2656,0,224,32,32,0,1,1,4294967295
GuyTileset,608,2720,0,224,32,32,0,1,1,4294967295
GuyTileset,640,2720,0,224,32,32,0,1,1,4294967295
GuyTileset,640,2688,0,224,32,32,0,1,1,4294967295
GuyTileset,576,2688,0,224,32,32,0,1,1,4294967295
GuyTileset,608,2688,0,224,32,32,0,1,1,4294967295
GuyTileset,608,2656,0,224,32,32,0,1,1,4294967295
GuyTileset,640,2656,0,224,32,32,0,1,1,4294967295
GuyTileset,672,2720,0,224,32,32,0,1,1,4294967295
GuyTileset,672,2688,0,224,32,32,0,1,1,4294967295
GuyTileset,672,2656,0,224,32,32,0,1,1,4294967295
GuyTileset,704,2656,0,224,32,32,0,1,1,4294967295
GuyTileset,736,2656,0,224,32,32,0,1,1,4294967295
GuyTileset,704,2688,0,224,32,32,0,1,1,4294967295
GuyTileset,736,2688,0,224,32,32,0,1,1,4294967295
GuyTileset,736,2720,0,224,32,32,0,1,1,4294967295
GuyTileset,768,2720,0,224,32,32,0,1,1,4294967295
GuyTileset,768,2752,0,224,32,32,0,1,1,4294967295
GuyTileset,768,2784,0,224,32,32,0,1,1,4294967295
GuyTileset,768,2816,0,224,32,32,0,1,1,4294967295
GuyTileset,768,2848,0,224,32,32,0,1,1,4294967295
GuyTileset,768,2944,0,224,32,32,0,1,1,4294967295
GuyTileset,768,2976,0,224,32,32,0,1,1,4294967295
GuyTileset,768,3008,0,224,32,32,0,1,1,4294967295
GuyTileset,768,2688,0,224,32,32,0,1,1,4294967295
GuyTileset,768,2656,0,224,32,32,0,1,1,4294967295
GuyTileset,768,2624,0,224,32,32,0,1,1,4294967295
GuyTileset,768,2592,0,224,32,32,0,1,1,4294967295
GuyTileset,768,2560,0,224,32,32,0,1,1,4294967295
GuyTileset,768,2528,0,224,32,32,0,1,1,4294967295
GuyTileset,768,2496,0,224,32,32,0,1,1,4294967295
GuyTileset,768,2464,0,224,32,32,0,1,1,4294967295
GuyTileset,768,2432,0,224,32,32,0,1,1,4294967295
GuyTileset,768,2400,0,224,32,32,0,1,1,4294967295
GuyTileset,736,2400,0,224,32,32,0,1,1,4294967295
GuyTileset,704,2400,0,224,32,32,0,1,1,4294967295
GuyTileset,672,2400,0,224,32,32,0,1,1,4294967295
GuyTileset,640,2400,0,224,32,32,0,1,1,4294967295
GuyTileset,608,2400,0,224,32,32,0,1,1,4294967295
GuyTileset,576,2400,0,224,32,32,0,1,1,4294967295
GuyTileset,544,2400,0,224,32,32,0,1,1,4294967295
GuyTileset,512,2400,0,224,32,32,0,1,1,4294967295
GuyTileset,480,2400,0,224,32,32,0,1,1,4294967295
GuyTileset,448,2400,0,224,32,32,0,1,1,4294967295
GuyTileset,416,2368,0,224,32,32,0,1,1,4294967295
GuyTileset,416,2400,0,224,32,32,0,1,1,4294967295
GuyTileset,416,2432,0,224,32,32,0,1,1,4294967295
GuyTileset,416,2464,0,224,32,32,0,1,1,4294967295
GuyTileset,448,2368,0,224,32,32,0,1,1,4294967295
GuyTileset,480,2368,0,224,32,32,0,1,1,4294967295
GuyTileset,512,2368,0,224,32,32,0,1,1,4294967295
GuyTileset,544,2368,0,224,32,32,0,1,1,4294967295
GuyTileset,576,2368,0,224,32,32,0,1,1,4294967295
GuyTileset,608,2368,0,224,32,32,0,1,1,4294967295
GuyTileset,640,2368,0,224,32,32,0,1,1,4294967295
GuyTileset,672,2368,0,224,32,32,0,1,1,4294967295
GuyTileset,704,2368,0,224,32,32,0,1,1,4294967295
GuyTileset,736,2368,0,224,32,32,0,1,1,4294967295
GuyTileset,768,2368,0,224,32,32,0,1,1,4294967295
GuyTileset,768,2336,0,224,32,32,0,1,1,4294967295
GuyTileset,736,2336,0,224,32,32,0,1,1,4294967295
GuyTileset,704,2336,0,224,32,32,0,1,1,4294967295
GuyTileset,672,2336,0,224,32,32,0,1,1,4294967295
GuyTileset,640,2336,0,224,32,32,0,1,1,4294967295
GuyTileset,608,2336,0,224,32,32,0,1,1,4294967295
GuyTileset,576,2336,0,224,32,32,0,1,1,4294967295
GuyTileset,544,2336,0,224,32,32,0,1,1,4294967295
GuyTileset,512,2336,0,224,32,32,0,1,1,4294967295
GuyTileset,480,2336,0,224,32,32,0,1,1,4294967295
GuyTileset,448,2336,0,224,32,32,0,1,1,4294967295
GuyTileset,480,2304,0,224,32,32,0,1,1,4294967295
GuyTileset,512,2304,0,224,32,32,0,1,1,4294967295
GuyTileset,544,2304,0,224,32,32,0,1,1,4294967295
GuyTileset,576,2304,0,224,32,32,0,1,1,4294967295
GuyTileset,320,2368,0,224,32,32,0,1,1,4294967295
GuyTileset,288,2368,0,224,32,32,0,1,1,4294967295
GuyTileset,256,2368,0,224,32,32,0,1,1,4294967295
GuyTileset,224,2368,0,224,32,32,0,1,1,4294967295
GuyTileset,192,2368,0,224,32,32,0,1,1,4294967295
GuyTileset,128,2368,0,224,32,32,0,1,1,4294967295
GuyTileset,96,2368,0,224,32,32,0,1,1,4294967295
GuyTileset,64,2368,0,224,32,32,0,1,1,4294967295
GuyTileset,32,2368,0,224,32,32,0,1,1,4294967295
GuyTileset,0,2368,0,224,32,32,0,1,1,4294967295
GuyTileset,0,2400,0,224,32,32,0,1,1,4294967295
GuyTileset,0,2432,0,224,32,32,0,1,1,4294967295
GuyTileset,0,2464,0,224,32,32,0,1,1,4294967295
GuyTileset,0,2496,0,224,32,32,0,1,1,4294967295
GuyTileset,0,2528,0,224,32,32,0,1,1,4294967295
GuyTileset,320,2336,0,224,32,32,0,1,1,4294967295
GuyTileset,320,2304,0,224,32,32,0,1,1,4294967295
GuyTileset,320,2272,0,224,32,32,0,1,1,4294967295
GuyTileset,320,2144,0,224,32,32,0,1,1,4294967295
GuyTileset,320,2112,0,224,32,32,0,1,1,4294967295
GuyTileset,352,2176,0,224,32,32,0,1,1,4294967295
GuyTileset,416,2112,0,224,32,32,0,1,1,4294967295
GuyTileset,384,2112,0,224,32,32,0,1,1,4294967295
GuyTileset,384,2144,0,224,32,32,0,1,1,4294967295
GuyTileset,352,2144,0,224,32,32,0,1,1,4294967295
GuyTileset,352,2112,0,224,32,32,0,1,1,4294967295
GuyTileset,320,2240,0,224,32,32,0,1,1,4294967295
GuyTileset,320,2176,0,224,32,32,0,1,1,4294967295
GuyTileset,320,2208,0,224,32,32,0,1,1,4294967295
GuyTileset,288,2336,0,224,32,32,0,1,1,4294967295
GuyTileset,256,2336,0,224,32,32,0,1,1,4294967295
GuyTileset,224,2336,0,224,32,32,0,1,1,4294967295
GuyTileset,192,2336,0,224,32,32,0,1,1,4294967295
GuyTileset,160,2336,0,224,32,32,0,1,1,4294967295
GuyTileset,128,2336,0,224,32,32,0,1,1,4294967295
GuyTileset,96,2336,0,224,32,32,0,1,1,4294967295
GuyTileset,64,2336,0,224,32,32,0,1,1,4294967295
GuyTileset,32,2336,0,224,32,32,0,1,1,4294967295
GuyTileset,0,2336,0,224,32,32,0,1,1,4294967295
GuyTileset,0,2304,0,224,32,32,0,1,1,4294967295
GuyTileset,32,2304,0,224,32,32,0,1,1,4294967295
GuyTileset,64,2304,0,224,32,32,0,1,1,4294967295
GuyTileset,96,2304,0,224,32,32,0,1,1,4294967295
GuyTileset,128,2304,0,224,32,32,0,1,1,4294967295
GuyTileset,160,2304,0,224,32,32,0,1,1,4294967295
GuyTileset,192,2304,0,224,32,32,0,1,1,4294967295
GuyTileset,224,2304,0,224,32,32,0,1,1,4294967295
GuyTileset,256,2304,0,224,32,32,0,1,1,4294967295
GuyTileset,288,2304,0,224,32,32,0,1,1,4294967295
GuyTileset,288,2272,0,224,32,32,0,1,1,4294967295
GuyTileset,256,2272,0,224,32,32,0,1,1,4294967295
GuyTileset,224,2272,0,224,32,32,0,1,1,4294967295
GuyTileset,192,2272,0,224,32,32,0,1,1,4294967295
GuyTileset,160,2272,0,224,32,32,0,1,1,4294967295
GuyTileset,128,2272,0,224,32,32,0,1,1,4294967295
GuyTileset,96,2272,0,224,32,32,0,1,1,4294967295
GuyTileset,64,2272,0,224,32,32,0,1,1,4294967295
GuyTileset,32,2272,0,224,32,32,0,1,1,4294967295
GuyTileset,0,2272,0,224,32,32,0,1,1,4294967295
GuyTileset,0,2240,0,224,32,32,0,1,1,4294967295
GuyTileset,32,2240,0,224,32,32,0,1,1,4294967295
GuyTileset,64,2240,0,224,32,32,0,1,1,4294967295
GuyTileset,96,2240,0,224,32,32,0,1,1,4294967295
GuyTileset,128,2240,0,224,32,32,0,1,1,4294967295
GuyTileset,160,2240,0,224,32,32,0,1,1,4294967295
GuyTileset,192,2240,0,224,32,32,0,1,1,4294967295
GuyTileset,224,2240,0,224,32,32,0,1,1,4294967295
GuyTileset,256,2240,0,224,32,32,0,1,1,4294967295
GuyTileset,288,2240,0,224,32,32,0,1,1,4294967295
GuyTileset,288,2208,0,224,32,32,0,1,1,4294967295
GuyTileset,256,2208,0,224,32,32,0,1,1,4294967295
GuyTileset,224,2208,0,224,32,32,0,1,1,4294967295
GuyTileset,192,2208,0,224,32,32,0,1,1,4294967295
GuyTileset,160,2208,0,224,32,32,0,1,1,4294967295
GuyTileset,128,2208,0,224,32,32,0,1,1,4294967295
GuyTileset,96,2208,0,224,32,32,0,1,1,4294967295
GuyTileset,64,2208,0,224,32,32,0,1,1,4294967295
GuyTileset,32,2208,0,224,32,32,0,1,1,4294967295
GuyTileset,0,2208,0,224,32,32,0,1,1,4294967295
GuyTileset,0,2176,0,224,32,32,0,1,1,4294967295
GuyTileset,0,2144,0,224,32,32,0,1,1,4294967295
GuyTileset,0,2112,0,224,32,32,0,1,1,4294967295
GuyTileset,0,2080,0,224,32,32,0,1,1,4294967295
GuyTileset,0,2048,0,224,32,32,0,1,1,4294967295
GuyTileset,0,2016,0,224,32,32,0,1,1,4294967295
GuyTileset,0,1984,0,224,32,32,0,1,1,4294967295
GuyTileset,0,1952,0,224,32,32,0,1,1,4294967295
GuyTileset,0,1920,0,224,32,32,0,1,1,4294967295
GuyTileset,768,2304,0,224,32,32,0,1,1,4294967295
GuyTileset,768,2272,0,224,32,32,0,1,1,4294967295
GuyTileset,768,2240,0,224,32,32,0,1,1,4294967295
GuyTileset,768,2208,0,224,32,32,0,1,1,4294967295
GuyTileset,768,2176,0,224,32,32,0,1,1,4294967295
GuyTileset,768,2144,0,224,32,32,0,1,1,4294967295
GuyTileset,768,2112,0,224,32,32,0,1,1,4294967295
GuyTileset,768,2016,0,224,32,32,0,1,1,4294967295
GuyTileset,768,1952,0,224,32,32,0,1,1,4294967295
GuyTileset,768,1984,0,224,32,32,0,1,1,4294967295
GuyTileset,768,2048,0,224,32,32,0,1,1,4294967295
GuyTileset,768,2080,0,224,32,32,0,1,1,4294967295
GuyTileset,736,1952,0,224,32,32,0,1,1,4294967295
GuyTileset,704,1952,0,224,32,32,0,1,1,4294967295
GuyTileset,672,1952,0,224,32,32,0,1,1,4294967295
GuyTileset,640,1952,0,224,32,32,0,1,1,4294967295
GuyTileset,608,1952,0,224,32,32,0,1,1,4294967295
GuyTileset,576,1952,0,224,32,32,0,1,1,4294967295
GuyTileset,544,1952,0,224,32,32,0,1,1,4294967295
GuyTileset,544,1920,0,224,32,32,0,1,1,4294967295
GuyTileset,480,1920,0,224,32,32,0,1,1,4294967295
GuyTileset,416,1952,0,224,32,32,0,1,1,4294967295
GuyTileset,384,1952,0,224,32,32,0,1,1,4294967295
GuyTileset,352,1952,0,224,32,32,0,1,1,4294967295
GuyTileset,320,1952,0,224,32,32,0,1,1,4294967295
GuyTileset,288,1952,0,224,32,32,0,1,1,4294967295
GuyTileset,256,1952,0,224,32,32,0,1,1,4294967295
GuyTileset,256,1984,0,224,32,32,0,1,1,4294967295
GuyTileset,256,2016,0,224,32,32,0,1,1,4294967295
GuyTileset,256,2048,0,224,32,32,0,1,1,4294967295
GuyTileset,160,1952,0,224,32,32,0,1,1,4294967295
GuyTileset,512,1952,0,224,32,32,0,1,1,4294967295
GuyTileset,480,1952,0,224,32,32,0,1,1,4294967295
GuyTileset,448,1952,0,224,32,32,0,1,1,4294967295
GuyTileset,256,1920,0,224,32,32,0,1,1,4294967295
GuyTileset,256,1888,0,224,32,32,0,1,1,4294967295
GuyTileset,256,1856,0,224,32,32,0,1,1,4294967295
GuyTileset,256,1824,0,224,32,32,0,1,1,4294967295
GuyTileset,256,1792,0,224,32,32,0,1,1,4294967295
GuyTileset,256,1760,0,224,32,32,0,1,1,4294967295
GuyTileset,256,1728,0,224,32,32,0,1,1,4294967295
GuyTileset,256,1696,0,224,32,32,0,1,1,4294967295
GuyTileset,256,1664,0,224,32,32,0,1,1,4294967295
GuyTileset,192,1696,0,224,32,32,0,1,1,4294967295
GuyTileset,160,1696,0,224,32,32,0,1,1,4294967295
GuyTileset,128,1824,0,224,32,32,0,1,1,4294967295
GuyTileset,96,1824,0,224,32,32,0,1,1,4294967295
GuyTileset,288,1376,0,224,32,32,0,1,1,4294967295
GuyTileset,288,1408,0,224,32,32,0,1,1,4294967295
GuyTileset,288,1440,0,224,32,32,0,1,1,4294967295
GuyTileset,288,1472,0,224,32,32,0,1,1,4294967295
GuyTileset,288,1504,0,224,32,32,0,1,1,4294967295
GuyTileset,288,1536,0,224,32,32,0,1,1,4294967295
GuyTileset,288,1568,0,224,32,32,0,1,1,4294967295
GuyTileset,288,1600,0,224,32,32,0,1,1,4294967295
GuyTileset,288,1632,0,224,32,32,0,1,1,4294967295
GuyTileset,288,1664,0,224,32,32,0,1,1,4294967295
GuyTileset,288,1696,0,224,32,32,0,1,1,4294967295
GuyTileset,288,1728,0,224,32,32,0,1,1,4294967295
GuyTileset,288,1760,0,224,32,32,0,1,1,4294967295
GuyTileset,288,1792,0,224,32,32,0,1,1,4294967295
GuyTileset,288,1824,0,224,32,32,0,1,1,4294967295
GuyTileset,288,1856,0,224,32,32,0,1,1,4294967295
GuyTileset,288,1888,0,224,32,32,0,1,1,4294967295
GuyTileset,288,1920,0,224,32,32,0,1,1,4294967295
GuyTileset,320,1920,0,224,32,32,0,1,1,4294967295
GuyTileset,352,1920,0,224,32,32,0,1,1,4294967295
GuyTileset,384,1920,0,224,32,32,0,1,1,4294967295
GuyTileset,416,1920,0,224,32,32,0,1,1,4294967295
GuyTileset,448,1920,0,224,32,32,0,1,1,4294967295
GuyTileset,512,1920,0,224,32,32,0,1,1,4294967295
GuyTileset,576,1920,0,224,32,32,0,1,1,4294967295
GuyTileset,608,1920,0,224,32,32,0,1,1,4294967295
GuyTileset,640,1920,0,224,32,32,0,1,1,4294967295
GuyTileset,672,1920,0,224,32,32,0,1,1,4294967295
GuyTileset,768,1920,0,224,32,32,0,1,1,4294967295
GuyTileset,768,1888,0,224,32,32,0,1,1,4294967295
GuyTileset,768,1856,0,224,32,32,0,1,1,4294967295
GuyTileset,768,1824,0,224,32,32,0,1,1,4294967295
GuyTileset,768,1792,0,224,32,32,0,1,1,4294967295
GuyTileset,768,1760,0,224,32,32,0,1,1,4294967295
GuyTileset,768,1728,0,224,32,32,0,1,1,4294967295
GuyTileset,768,1696,0,224,32,32,0,1,1,4294967295
GuyTileset,768,1664,0,224,32,32,0,1,1,4294967295
GuyTileset,768,1632,0,224,32,32,0,1,1,4294967295
GuyTileset,768,1600,0,224,32,32,0,1,1,4294967295
GuyTileset,768,1568,0,224,32,32,0,1,1,4294967295
GuyTileset,768,1536,0,224,32,32,0,1,1,4294967295
GuyTileset,768,1504,0,224,32,32,0,1,1,4294967295
GuyTileset,768,1472,0,224,32,32,0,1,1,4294967295
GuyTileset,768,1440,0,224,32,32,0,1,1,4294967295
GuyTileset,768,1408,0,224,32,32,0,1,1,4294967295
GuyTileset,768,1376,0,224,32,32,0,1,1,4294967295
GuyTileset,736,1376,0,224,32,32,0,1,1,4294967295
GuyTileset,704,1376,0,224,32,32,0,1,1,4294967295
GuyTileset,672,1376,0,224,32,32,0,1,1,4294967295
GuyTileset,640,1376,0,224,32,32,0,1,1,4294967295
GuyTileset,576,1376,0,224,32,32,0,1,1,4294967295
GuyTileset,544,1376,0,224,32,32,0,1,1,4294967295
GuyTileset,512,1376,0,224,32,32,0,1,1,4294967295
GuyTileset,480,1376,0,224,32,32,0,1,1,4294967295
GuyTileset,448,1376,0,224,32,32,0,1,1,4294967295
GuyTileset,416,1376,0,224,32,32,0,1,1,4294967295
GuyTileset,384,1376,0,224,32,32,0,1,1,4294967295
GuyTileset,352,1376,0,224,32,32,0,1,1,4294967295
GuyTileset,320,1376,0,224,32,32,0,1,1,4294967295
GuyTileset,320,1408,0,224,32,32,0,1,1,4294967295
GuyTileset,320,1440,0,224,32,32,0,1,1,4294967295
GuyTileset,320,1472,0,224,32,32,0,1,1,4294967295
GuyTileset,320,1504,0,224,32,32,0,1,1,4294967295
GuyTileset,320,1536,0,224,32,32,0,1,1,4294967295
GuyTileset,320,1568,0,224,32,32,0,1,1,4294967295
GuyTileset,320,1600,0,224,32,32,0,1,1,4294967295
GuyTileset,320,1632,0,224,32,32,0,1,1,4294967295
GuyTileset,320,1664,0,224,32,32,0,1,1,4294967295
GuyTileset,352,1408,0,224,32,32,0,1,1,4294967295
GuyTileset,384,1408,0,224,32,32,0,1,1,4294967295
GuyTileset,416,1408,0,224,32,32,0,1,1,4294967295
GuyTileset,448,1408,0,224,32,32,0,1,1,4294967295
GuyTileset,480,1408,0,224,32,32,0,1,1,4294967295
GuyTileset,512,1408,0,224,32,32,0,1,1,4294967295
GuyTileset,544,1408,0,224,32,32,0,1,1,4294967295
GuyTileset,576,1408,0,224,32,32,0,1,1,4294967295
GuyTileset,640,1408,0,224,32,32,0,1,1,4294967295
GuyTileset,672,1408,0,224,32,32,0,1,1,4294967295
GuyTileset,704,1408,0,224,32,32,0,1,1,4294967295
GuyTileset,736,1408,0,224,32,32,0,1,1,4294967295
GuyTileset,608,1376,0,224,32,32,0,1,1,4294967295
GuyTileset,608,1408,0,224,32,32,0,1,1,4294967295
GuyTileset,352,1440,0,224,32,32,0,1,1,4294967295
GuyTileset,352,1472,0,224,32,32,0,1,1,4294967295
GuyTileset,352,1504,0,224,32,32,0,1,1,4294967295
GuyTileset,352,1536,0,224,32,32,0,1,1,4294967295
GuyTileset,352,1568,0,224,32,32,0,1,1,4294967295
GuyTileset,352,1600,0,224,32,32,0,1,1,4294967295
GuyTileset,352,1632,0,224,32,32,0,1,1,4294967295
GuyTileset,352,1664,0,224,32,32,0,1,1,4294967295
GuyTileset,352,1696,0,224,32,32,0,1,1,4294967295
GuyTileset,320,1760,0,224,32,32,0,1,1,4294967295
GuyTileset,320,1792,0,224,32,32,0,1,1,4294967295
GuyTileset,320,1824,0,224,32,32,0,1,1,4294967295
GuyTileset,320,1856,0,224,32,32,0,1,1,4294967295
GuyTileset,320,1888,0,224,32,32,0,1,1,4294967295
GuyTileset,352,1888,0,224,32,32,0,1,1,4294967295
GuyTileset,352,1856,0,224,32,32,0,1,1,4294967295
GuyTileset,352,1824,0,224,32,32,0,1,1,4294967295
GuyTileset,352,1792,0,224,32,32,0,1,1,4294967295
GuyTileset,352,1760,0,224,32,32,0,1,1,4294967295
GuyTileset,352,1728,0,224,32,32,0,1,1,4294967295
GuyTileset,320,1728,0,224,32,32,0,1,1,4294967295
GuyTileset,320,1696,0,224,32,32,0,1,1,4294967295
GuyTileset,384,1440,0,224,32,32,0,1,1,4294967295
GuyTileset,512,1440,0,224,32,32,0,1,1,4294967295
GuyTileset,544,1440,0,224,32,32,0,1,1,4294967295
GuyTileset,576,1440,0,224,32,32,0,1,1,4294967295
GuyTileset,608,1440,0,224,32,32,0,1,1,4294967295
GuyTileset,640,1440,0,224,32,32,0,1,1,4294967295
GuyTileset,672,1440,0,224,32,32,0,1,1,4294967295
GuyTileset,704,1440,0,224,32,32,0,1,1,4294967295
GuyTileset,736,1440,0,224,32,32,0,1,1,4294967295
GuyTileset,736,1472,0,224,32,32,0,1,1,4294967295
GuyTileset,736,1504,0,224,32,32,0,1,1,4294967295
GuyTileset,736,1536,0,224,32,32,0,1,1,4294967295
GuyTileset,736,1568,0,224,32,32,0,1,1,4294967295
GuyTileset,736,1792,0,224,32,32,0,1,1,4294967295
GuyTileset,736,1824,0,224,32,32,0,1,1,4294967295
GuyTileset,736,1856,0,224,32,32,0,1,1,4294967295
GuyTileset,736,1888,0,224,32,32,0,1,1,4294967295
GuyTileset,736,1920,0,224,32,32,0,1,1,4294967295
GuyTileset,704,1920,0,224,32,32,0,1,1,4294967295
GuyTileset,704,1888,0,224,32,32,0,1,1,4294967295
GuyTileset,704,1856,0,224,32,32,0,1,1,4294967295
GuyTileset,704,1760,0,224,32,32,0,1,1,4294967295
GuyTileset,736,1760,0,224,32,32,0,1,1,4294967295
GuyTileset,736,1728,0,224,32,32,0,1,1,4294967295
GuyTileset,736,1664,0,224,32,32,0,1,1,4294967295
GuyTileset,736,1696,0,224,32,32,0,1,1,4294967295
GuyTileset,704,1824,0,224,32,32,0,1,1,4294967295
GuyTileset,704,1792,0,224,32,32,0,1,1,4294967295
GuyTileset,736,1632,0,224,32,32,0,1,1,4294967295
GuyTileset,736,1600,0,224,32,32,0,1,1,4294967295
GuyTileset,704,1632,0,224,32,32,0,1,1,4294967295
GuyTileset,704,1696,0,224,32,32,0,1,1,4294967295
GuyTileset,704,1728,0,224,32,32,0,1,1,4294967295
GuyTileset,704,1664,0,224,32,32,0,1,1,4294967295
GuyTileset,704,1600,0,224,32,32,0,1,1,4294967295
GuyTileset,704,1504,0,224,32,32,0,1,1,4294967295
GuyTileset,704,1472,0,224,32,32,0,1,1,4294967295
GuyTileset,672,1472,0,224,32,32,0,1,1,4294967295
GuyTileset,640,1472,0,224,32,32,0,1,1,4294967295
GuyTileset,704,1568,0,224,32,32,0,1,1,4294967295
GuyTileset,704,1536,0,224,32,32,0,1,1,4294967295
GuyTileset,672,1504,0,224,32,32,0,1,1,4294967295
GuyTileset,640,1504,0,224,32,32,0,1,1,4294967295
GuyTileset,608,1472,0,224,32,32,0,1,1,4294967295
GuyTileset,576,1472,0,224,32,32,0,1,1,4294967295
GuyTileset,544,1472,0,224,32,32,0,1,1,4294967295
GuyTileset,512,1472,0,224,32,32,0,1,1,4294967295
GuyTileset,480,1472,0,224,32,32,0,1,1,4294967295
GuyTileset,448,1472,0,224,32,32,0,1,1,4294967295
GuyTileset,384,1472,0,224,32,32,0,1,1,4294967295
GuyTileset,416,1440,0,224,32,32,0,1,1,4294967295
GuyTileset,448,1440,0,224,32,32,0,1,1,4294967295
GuyTileset,480,1440,0,224,32,32,0,1,1,4294967295
GuyTileset,416,1472,0,224,32,32,0,1,1,4294967295
GuyTileset,384,1504,0,224,32,32,0,1,1,4294967295
GuyTileset,416,1504,0,224,32,32,0,1,1,4294967295
GuyTileset,448,1504,0,224,32,32,0,1,1,4294967295
GuyTileset,480,1504,0,224,32,32,0,1,1,4294967295
GuyTileset,512,1504,0,224,32,32,0,1,1,4294967295
GuyTileset,544,1504,0,224,32,32,0,1,1,4294967295
GuyTileset,576,1504,0,224,32,32,0,1,1,4294967295
GuyTileset,608,1504,0,224,32,32,0,1,1,4294967295
GuyTileset,608,1536,0,224,32,32,0,1,1,4294967295
GuyTileset,576,1536,0,224,32,32,0,1,1,4294967295
GuyTileset,544,1536,0,224,32,32,0,1,1,4294967295
GuyTileset,512,1536,0,224,32,32,0,1,1,4294967295
GuyTileset,480,1536,0,224,32,32,0,1,1,4294967295
GuyTileset,384,1536,0,224,32,32,0,1,1,4294967295
GuyTileset,384,1568,0,224,32,32,0,1,1,4294967295
GuyTileset,416,1568,0,224,32,32,0,1,1,4294967295
GuyTileset,448,1568,0,224,32,32,0,1,1,4294967295
GuyTileset,480,1568,0,224,32,32,0,1,1,4294967295
GuyTileset,512,1568,0,224,32,32,0,1,1,4294967295
GuyTileset,544,1568,0,224,32,32,0,1,1,4294967295
GuyTileset,576,1568,0,224,32,32,0,1,1,4294967295
GuyTileset,640,1568,0,224,32,32,0,1,1,4294967295
GuyTileset,672,1568,0,224,32,32,0,1,1,4294967295
GuyTileset,672,1536,0,224,32,32,0,1,1,4294967295
GuyTileset,640,1536,0,224,32,32,0,1,1,4294967295
GuyTileset,608,1600,0,224,32,32,0,1,1,4294967295
GuyTileset,608,1568,0,224,32,32,0,1,1,4294967295
GuyTileset,448,1536,0,224,32,32,0,1,1,4294967295
GuyTileset,416,1536,0,224,32,32,0,1,1,4294967295
GuyTileset,384,1600,0,224,32,32,0,1,1,4294967295
GuyTileset,416,1600,0,224,32,32,0,1,1,4294967295
GuyTileset,448,1600,0,224,32,32,0,1,1,4294967295
GuyTileset,480,1600,0,224,32,32,0,1,1,4294967295
GuyTileset,512,1600,0,224,32,32,0,1,1,4294967295
GuyTileset,544,1600,0,224,32,32,0,1,1,4294967295
GuyTileset,576,1600,0,224,32,32,0,1,1,4294967295
GuyTileset,608,1632,0,224,32,32,0,1,1,4294967295
GuyTileset,640,1632,0,224,32,32,0,1,1,4294967295
GuyTileset,640,1600,0,224,32,32,0,1,1,4294967295
GuyTileset,672,1600,0,224,32,32,0,1,1,4294967295
GuyTileset,672,1632,0,224,32,32,0,1,1,4294967295
GuyTileset,672,1664,0,224,32,32,0,1,1,4294967295
GuyTileset,672,1696,0,224,32,32,0,1,1,4294967295
GuyTileset,672,1728,0,224,32,32,0,1,1,4294967295
GuyTileset,672,1760,0,224,32,32,0,1,1,4294967295
GuyTileset,672,1792,0,224,32,32,0,1,1,4294967295
GuyTileset,672,1824,0,224,32,32,0,1,1,4294967295
GuyTileset,672,1856,0,224,32,32,0,1,1,4294967295
GuyTileset,672,1888,0,224,32,32,0,1,1,4294967295
GuyTileset,640,1888,0,224,32,32,0,1,1,4294967295
GuyTileset,640,1856,0,224,32,32,0,1,1,4294967295
GuyTileset,640,1824,0,224,32,32,0,1,1,4294967295
GuyTileset,640,1696,0,224,32,32,0,1,1,4294967295
GuyTileset,640,1664,0,224,32,32,0,1,1,4294967295
GuyTileset,608,1664,0,224,32,32,0,1,1,4294967295
GuyTileset,608,1696,0,224,32,32,0,1,1,4294967295
GuyTileset,608,1728,0,224,32,32,0,1,1,4294967295
GuyTileset,608,1760,0,224,32,32,0,1,1,4294967295
GuyTileset,640,1792,0,224,32,32,0,1,1,4294967295
GuyTileset,608,1888,0,224,32,32,0,1,1,4294967295
GuyTileset,640,1728,0,224,32,32,0,1,1,4294967295
GuyTileset,640,1760,0,224,32,32,0,1,1,4294967295
GuyTileset,608,1792,0,224,32,32,0,1,1,4294967295
GuyTileset,608,1824,0,224,32,32,0,1,1,4294967295
GuyTileset,608,1856,0,224,32,32,0,1,1,4294967295
GuyTileset,576,1888,0,224,32,32,0,1,1,4294967295
GuyTileset,576,1856,0,224,32,32,0,1,1,4294967295
GuyTileset,576,1824,0,224,32,32,0,1,1,4294967295
GuyTileset,576,1792,0,224,32,32,0,1,1,4294967295
GuyTileset,576,1760,0,224,32,32,0,1,1,4294967295
GuyTileset,576,1728,0,224,32,32,0,1,1,4294967295
GuyTileset,576,1696,0,224,32,32,0,1,1,4294967295
GuyTileset,576,1664,0,224,32,32,0,1,1,4294967295
GuyTileset,576,1632,0,224,32,32,0,1,1,4294967295
GuyTileset,544,1632,0,224,32,32,0,1,1,4294967295
GuyTileset,512,1632,0,224,32,32,0,1,1,4294967295
GuyTileset,480,1632,0,224,32,32,0,1,1,4294967295
GuyTileset,448,1632,0,224,32,32,0,1,1,4294967295
GuyTileset,384,1632,0,224,32,32,0,1,1,4294967295
GuyTileset,384,1664,0,224,32,32,0,1,1,4294967295
GuyTileset,384,1696,0,224,32,32,0,1,1,4294967295
GuyTileset,384,1728,0,224,32,32,0,1,1,4294967295
GuyTileset,384,1760,0,224,32,32,0,1,1,4294967295
GuyTileset,384,1792,0,224,32,32,0,1,1,4294967295
GuyTileset,384,1824,0,224,32,32,0,1,1,4294967295
GuyTileset,384,1856,0,224,32,32,0,1,1,4294967295
GuyTileset,384,1888,0,224,32,32,0,1,1,4294967295
GuyTileset,416,1888,0,224,32,32,0,1,1,4294967295
GuyTileset,448,1888,0,224,32,32,0,1,1,4294967295
GuyTileset,480,1888,0,224,32,32,0,1,1,4294967295
GuyTileset,512,1888,0,224,32,32,0,1,1,4294967295
GuyTileset,544,1888,0,224,32,32,0,1,1,4294967295
GuyTileset,544,1856,0,224,32,32,0,1,1,4294967295
GuyTileset,512,1856,0,224,32,32,0,1,1,4294967295
GuyTileset,480,1856,0,224,32,32,0,1,1,4294967295
GuyTileset,448,1856,0,224,32,32,0,1,1,4294967295
GuyTileset,448,1824,0,224,32,32,0,1,1,4294967295
GuyTileset,480,1824,0,224,32,32,0,1,1,4294967295
GuyTileset,512,1824,0,224,32,32,0,1,1,4294967295
GuyTileset,544,1824,0,224,32,32,0,1,1,4294967295
GuyTileset,544,1792,0,224,32,32,0,1,1,4294967295
GuyTileset,544,1760,0,224,32,32,0,1,1,4294967295
GuyTileset,544,1728,0,224,32,32,0,1,1,4294967295
GuyTileset,544,1696,0,224,32,32,0,1,1,4294967295
GuyTileset,544,1664,0,224,32,32,0,1,1,4294967295
GuyTileset,512,1664,0,224,32,32,0,1,1,4294967295
GuyTileset,480,1664,0,224,32,32,0,1,1,4294967295
GuyTileset,448,1696,0,224,32,32,0,1,1,4294967295
GuyTileset,416,1696,0,224,32,32,0,1,1,4294967295
GuyTileset,416,1728,0,224,32,32,0,1,1,4294967295
GuyTileset,416,1760,0,224,32,32,0,1,1,4294967295
GuyTileset,416,1824,0,224,32,32,0,1,1,4294967295
GuyTileset,416,1792,0,224,32,32,0,1,1,4294967295
GuyTileset,416,1664,0,224,32,32,0,1,1,4294967295
GuyTileset,416,1632,0,224,32,32,0,1,1,4294967295
GuyTileset,448,1664,0,224,32,32,0,1,1,4294967295
GuyTileset,512,1792,0,224,32,32,0,1,1,4294967295
GuyTileset,512,1760,0,224,32,32,0,1,1,4294967295
GuyTileset,512,1728,0,224,32,32,0,1,1,4294967295
GuyTileset,512,1696,0,224,32,32,0,1,1,4294967295
GuyTileset,480,1696,0,224,32,32,0,1,1,4294967295
GuyTileset,448,1760,0,224,32,32,0,1,1,4294967295
GuyTileset,448,1728,0,224,32,32,0,1,1,4294967295
GuyTileset,480,1728,0,224,32,32,0,1,1,4294967295
GuyTileset,480,1760,0,224,32,32,0,1,1,4294967295
GuyTileset,480,1792,0,224,32,32,0,1,1,4294967295
GuyTileset,448,1792,0,224,32,32,0,1,1,4294967295
GuyTileset,416,1856,0,224,32,32,0,1,1,4294967295
GuyTileset,0,1888,0,224,32,32,0,1,1,4294967295
GuyTileset,0,1856,0,224,32,32,0,1,1,4294967295
GuyTileset,0,1824,0,224,32,32,0,1,1,4294967295
GuyTileset,0,1792,0,224,32,32,0,1,1,4294967295
GuyTileset,0,1760,0,224,32,32,0,1,1,4294967295
GuyTileset,0,1728,0,224,32,32,0,1,1,4294967295
GuyTileset,0,1696,0,224,32,32,0,1,1,4294967295
GuyTileset,0,1664,0,224,32,32,0,1,1,4294967295
GuyTileset,0,1632,0,224,32,32,0,1,1,4294967295
GuyTileset,0,1600,0,224,32,32,0,1,1,4294967295
GuyTileset,0,1568,0,224,32,32,0,1,1,4294967295
GuyTileset,0,1536,0,224,32,32,0,1,1,4294967295
GuyTileset,0,1504,0,224,32,32,0,1,1,4294967295
GuyTileset,0,1472,0,224,32,32,0,1,1,4294967295
GuyTileset,0,1440,0,224,32,32,0,1,1,4294967295
GuyTileset,0,1408,0,224,32,32,0,1,1,4294967295
GuyTileset,0,1376,0,224,32,32,0,1,1,4294967295
GuyTileset,0,1344,0,224,32,32,0,1,1,4294967295
GuyTileset,0,1312,0,224,32,32,0,1,1,4294967295
GuyTileset,0,1280,0,224,32,32,0,1,1,4294967295
GuyTileset,0,1248,0,224,32,32,0,1,1,4294967295
GuyTileset,0,1216,0,224,32,32,0,1,1,4294967295
GuyTileset,0,1184,0,224,32,32,0,1,1,4294967295
GuyTileset,128,1184,0,224,32,32,0,1,1,4294967295
GuyTileset,160,1184,0,224,32,32,0,1,1,4294967295
GuyTileset,192,1184,0,224,32,32,0,1,1,4294967295
GuyTileset,224,1184,0,224,32,32,0,1,1,4294967295
GuyTileset,256,1184,0,224,32,32,0,1,1,4294967295
GuyTileset,288,1184,0,224,32,32,0,1,1,4294967295
GuyTileset,320,1184,0,224,32,32,0,1,1,4294967295
GuyTileset,352,1184,0,224,32,32,0,1,1,4294967295
GuyTileset,384,1184,0,224,32,32,0,1,1,4294967295
GuyTileset,288,1216,0,224,32,32,0,1,1,4294967295
GuyTileset,256,1216,0,224,32,32,0,1,1,4294967295
GuyTileset,128,1248,0,224,32,32,0,1,1,4294967295
GuyTileset,96,1248,0,224,32,32,0,1,1,4294967295
GuyTileset,64,1248,0,224,32,32,0,1,1,4294967295
GuyTileset,32,1248,0,224,32,32,0,1,1,4294967295
GuyTileset,32,1216,0,224,32,32,0,1,1,4294967295
GuyTileset,64,1216,0,224,32,32,0,1,1,4294967295
GuyTileset,96,1216,0,224,32,32,0,1,1,4294967295
GuyTileset,192,1216,0,224,32,32,0,1,1,4294967295
GuyTileset,160,1216,0,224,32,32,0,1,1,4294967295
GuyTileset,128,1216,0,224,32,32,0,1,1,4294967295
GuyTileset,96,1184,0,224,32,32,0,1,1,4294967295
GuyTileset,64,1184,0,224,32,32,0,1,1,4294967295
GuyTileset,32,1184,0,224,32,32,0,1,1,4294967295
GuyTileset,0,1152,0,224,32,32,0,1,1,4294967295
GuyTileset,544,1344,0,224,32,32,0,1,1,4294967295
GuyTileset,544,1312,0,224,32,32,0,1,1,4294967295
GuyTileset,544,1280,0,224,32,32,0,1,1,4294967295
GuyTileset,544,1248,0,224,32,32,0,1,1,4294967295
GuyTileset,544,1216,0,224,32,32,0,1,1,4294967295
GuyTileset,544,1184,0,224,32,32,0,1,1,4294967295
GuyTileset,544,1152,0,224,32,32,0,1,1,4294967295
GuyTileset,544,1120,0,224,32,32,0,1,1,4294967295
GuyTileset,544,992,0,224,32,32,0,1,1,4294967295
GuyTileset,544,1088,0,224,32,32,0,1,1,4294967295
GuyTileset,544,1024,0,224,32,32,0,1,1,4294967295
GuyTileset,544,1056,0,224,32,32,0,1,1,4294967295
GuyTileset,768,1344,0,224,32,32,0,1,1,4294967295
GuyTileset,768,1312,0,224,32,32,0,1,1,4294967295
GuyTileset,768,1280,0,224,32,32,0,1,1,4294967295
GuyTileset,768,1248,0,224,32,32,0,1,1,4294967295
GuyTileset,768,1216,0,224,32,32,0,1,1,4294967295
GuyTileset,768,1184,0,224,32,32,0,1,1,4294967295
GuyTileset,768,1152,0,224,32,32,0,1,1,4294967295
GuyTileset,768,1120,0,224,32,32,0,1,1,4294967295
GuyTileset,768,1088,0,224,32,32,0,1,1,4294967295
GuyTileset,768,1056,0,224,32,32,0,1,1,4294967295
GuyTileset,768,1024,0,224,32,32,0,1,1,4294967295
GuyTileset,768,992,0,224,32,32,0,1,1,4294967295
GuyTileset,768,960,0,224,32,32,0,1,1,4294967295
GuyTileset,768,928,0,224,32,32,0,1,1,4294967295
GuyTileset,768,896,0,224,32,32,0,1,1,4294967295
GuyTileset,768,864,0,224,32,32,0,1,1,4294967295
GuyTileset,768,832,0,224,32,32,0,1,1,4294967295
GuyTileset,768,800,0,224,32,32,0,1,1,4294967295
GuyTileset,768,768,0,224,32,32,0,1,1,4294967295
GuyTileset,768,736,0,224,32,32,0,1,1,4294967295
GuyTileset,736,736,0,224,32,32,0,1,1,4294967295
GuyTileset,704,736,0,224,32,32,0,1,1,4294967295
GuyTileset,672,736,0,224,32,32,0,1,1,4294967295
GuyTileset,640,736,0,224,32,32,0,1,1,4294967295
GuyTileset,640,704,0,224,32,32,0,1,1,4294967295
GuyTileset,672,704,0,224,32,32,0,1,1,4294967295
GuyTileset,704,704,0,224,32,32,0,1,1,4294967295
GuyTileset,736,704,0,224,32,32,0,1,1,4294967295
GuyTileset,768,704,0,224,32,32,0,1,1,4294967295
GuyTileset,768,672,0,224,32,32,0,1,1,4294967295
GuyTileset,736,672,0,224,32,32,0,1,1,4294967295
GuyTileset,704,672,0,224,32,32,0,1,1,4294967295
GuyTileset,672,672,0,224,32,32,0,1,1,4294967295
GuyTileset,512,704,0,224,32,32,0,1,1,4294967295
GuyTileset,512,736,0,224,32,32,0,1,1,4294967295
GuyTileset,512,768,0,224,32,32,0,1,1,4294967295
GuyTileset,512,800,0,224,32,32,0,1,1,4294967295
GuyTileset,512,832,0,224,32,32,0,1,1,4294967295
GuyTileset,512,864,0,224,32,32,0,1,1,4294967295
GuyTileset,512,896,0,224,32,32,0,1,1,4294967295
GuyTileset,512,928,0,224,32,32,0,1,1,4294967295
GuyTileset,512,960,0,224,32,32,0,1,1,4294967295
GuyTileset,512,992,0,224,32,32,0,1,1,4294967295
GuyTileset,480,992,0,224,32,32,0,1,1,4294967295
GuyTileset,448,992,0,224,32,32,0,1,1,4294967295
GuyTileset,416,992,0,224,32,32,0,1,1,4294967295
GuyTileset,384,992,0,224,32,32,0,1,1,4294967295
GuyTileset,352,992,0,224,32,32,0,1,1,4294967295
GuyTileset,320,992,0,224,32,32,0,1,1,4294967295
GuyTileset,288,992,0,224,32,32,0,1,1,4294967295
GuyTileset,256,960,0,224,32,32,0,1,1,4294967295
GuyTileset,224,960,0,224,32,32,0,1,1,4294967295
GuyTileset,192,960,0,224,32,32,0,1,1,4294967295
GuyTileset,160,928,0,224,32,32,0,1,1,4294967295
GuyTileset,128,928,0,224,32,32,0,1,1,4294967295
GuyTileset,128,896,0,224,32,32,0,1,1,4294967295
GuyTileset,160,896,0,224,32,32,0,1,1,4294967295
GuyTileset,224,896,0,224,32,32,0,1,1,4294967295
GuyTileset,192,896,0,224,32,32,0,1,1,4294967295
GuyTileset,96,896,0,224,32,32,0,1,1,4294967295
GuyTileset,256,896,0,224,32,32,0,1,1,4294967295
GuyTileset,288,896,0,224,32,32,0,1,1,4294967295
GuyTileset,320,896,0,224,32,32,0,1,1,4294967295
GuyTileset,352,896,0,224,32,32,0,1,1,4294967295
GuyTileset,416,896,0,224,32,32,0,1,1,4294967295
GuyTileset,448,896,0,224,32,32,0,1,1,4294967295
GuyTileset,480,896,0,224,32,32,0,1,1,4294967295
GuyTileset,480,960,0,224,32,32,0,1,1,4294967295
GuyTileset,448,960,0,224,32,32,0,1,1,4294967295
GuyTileset,416,960,0,224,32,32,0,1,1,4294967295
GuyTileset,384,960,0,224,32,32,0,1,1,4294967295
GuyTileset,352,960,0,224,32,32,0,1,1,4294967295
GuyTileset,320,960,0,224,32,32,0,1,1,4294967295
GuyTileset,288,960,0,224,32,32,0,1,1,4294967295
GuyTileset,256,928,0,224,32,32,0,1,1,4294967295
GuyTileset,192,928,0,224,32,32,0,1,1,4294967295
GuyTileset,224,928,0,224,32,32,0,1,1,4294967295
GuyTileset,288,928,0,224,32,32,0,1,1,4294967295
GuyTileset,320,928,0,224,32,32,0,1,1,4294967295
GuyTileset,352,928,0,224,32,32,0,1,1,4294967295
GuyTileset,384,928,0,224,32,32,0,1,1,4294967295
GuyTileset,416,928,0,224,32,32,0,1,1,4294967295
GuyTileset,448,928,0,224,32,32,0,1,1,4294967295
GuyTileset,480,928,0,224,32,32,0,1,1,4294967295
GuyTileset,384,896,0,224,32,32,0,1,1,4294967295
GuyTileset,0,1120,0,224,32,32,0,1,1,4294967295
GuyTileset,0,1088,0,224,32,32,0,1,1,4294967295
GuyTileset,0,1056,0,224,32,32,0,1,1,4294967295
GuyTileset,0,992,0,224,32,32,0,1,1,4294967295
GuyTileset,0,960,0,224,32,32,0,1,1,4294967295
GuyTileset,0,928,0,224,32,32,0,1,1,4294967295
GuyTileset,0,896,0,224,32,32,0,1,1,4294967295
GuyTileset,0,864,0,224,32,32,0,1,1,4294967295
GuyTileset,0,832,0,224,32,32,0,1,1,4294967295
GuyTileset,0,800,0,224,32,32,0,1,1,4294967295
GuyTileset,0,768,0,224,32,32,0,1,1,4294967295
GuyTileset,0,736,0,224,32,32,0,1,1,4294967295
GuyTileset,0,704,0,224,32,32,0,1,1,4294967295
GuyTileset,32,704,0,224,32,32,0,1,1,4294967295
GuyTileset,64,704,0,224,32,32,0,1,1,4294967295
GuyTileset,96,704,0,224,32,32,0,1,1,4294967295
GuyTileset,0,1024,0,224,32,32,0,1,1,4294967295
GuyTileset,160,704,0,224,32,32,0,1,1,4294967295
GuyTileset,192,704,0,224,32,32,0,1,1,4294967295
GuyTileset,224,704,0,224,32,32,0,1,1,4294967295
GuyTileset,256,704,0,224,32,32,0,1,1,4294967295
GuyTileset,288,704,0,224,32,32,0,1,1,4294967295
GuyTileset,320,704,0,224,32,32,0,1,1,4294967295
GuyTileset,352,704,0,224,32,32,0,1,1,4294967295
GuyTileset,384,704,0,224,32,32,0,1,1,4294967295
GuyTileset,416,704,0,224,32,32,0,1,1,4294967295
GuyTileset,448,704,0,224,32,32,0,1,1,4294967295
GuyTileset,480,704,0,224,32,32,0,1,1,4294967295
GuyTileset,544,768,0,224,32,32,0,1,1,4294967295
GuyTileset,576,768,0,224,32,32,0,1,1,4294967295
GuyTileset,608,768,0,224,32,32,0,1,1,4294967295
GuyTileset,640,768,0,224,32,32,0,1,1,4294967295
GuyTileset,672,768,0,224,32,32,0,1,1,4294967295
GuyTileset,704,768,0,224,32,32,0,1,1,4294967295
GuyTileset,736,768,0,224,32,32,0,1,1,4294967295
GuyTileset,736,800,0,224,32,32,0,1,1,4294967295
GuyTileset,704,800,0,224,32,32,0,1,1,4294967295
GuyTileset,672,800,0,224,32,32,0,1,1,4294967295
GuyTileset,640,800,0,224,32,32,0,1,1,4294967295
GuyTileset,608,800,0,224,32,32,0,1,1,4294967295
GuyTileset,576,800,0,224,32,32,0,1,1,4294967295
GuyTileset,544,800,0,224,32,32,0,1,1,4294967295
GuyTileset,544,832,0,224,32,32,0,1,1,4294967295
GuyTileset,576,832,0,224,32,32,0,1,1,4294967295
GuyTileset,608,832,0,224,32,32,0,1,1,4294967295
GuyTileset,640,832,0,224,32,32,0,1,1,4294967295
GuyTileset,672,832,0,224,32,32,0,1,1,4294967295
GuyTileset,704,832,0,224,32,32,0,1,1,4294967295
GuyTileset,736,832,0,224,32,32,0,1,1,4294967295
GuyTileset,736,864,0,224,32,32,0,1,1,4294967295
GuyTileset,704,864,0,224,32,32,0,1,1,4294967295
GuyTileset,672,864,0,224,32,32,0,1,1,4294967295
GuyTileset,640,864,0,224,32,32,0,1,1,4294967295
GuyTileset,608,864,0,224,32,32,0,1,1,4294967295
GuyTileset,576,864,0,224,32,32,0,1,1,4294967295
GuyTileset,544,864,0,224,32,32,0,1,1,4294967295
GuyTileset,544,896,0,224,32,32,0,1,1,4294967295
GuyTileset,576,896,0,224,32,32,0,1,1,4294967295
GuyTileset,608,896,0,224,32,32,0,1,1,4294967295
GuyTileset,640,896,0,224,32,32,0,1,1,4294967295
GuyTileset,672,896,0,224,32,32,0,1,1,4294967295
GuyTileset,704,896,0,224,32,32,0,1,1,4294967295
GuyTileset,736,896,0,224,32,32,0,1,1,4294967295
GuyTileset,736,928,0,224,32,32,0,1,1,4294967295
GuyTileset,704,928,0,224,32,32,0,1,1,4294967295
GuyTileset,672,928,0,224,32,32,0,1,1,4294967295
GuyTileset,640,928,0,224,32,32,0,1,1,4294967295
GuyTileset,608,928,0,224,32,32,0,1,1,4294967295
GuyTileset,576,928,0,224,32,32,0,1,1,4294967295
GuyTileset,544,928,0,224,32,32,0,1,1,4294967295
GuyTileset,544,960,0,224,32,32,0,1,1,4294967295
GuyTileset,576,960,0,224,32,32,0,1,1,4294967295
GuyTileset,608,960,0,224,32,32,0,1,1,4294967295
GuyTileset,640,960,0,224,32,32,0,1,1,4294967295
GuyTileset,672,960,0,224,32,32,0,1,1,4294967295
GuyTileset,704,960,0,224,32,32,0,1,1,4294967295
GuyTileset,736,960,0,224,32,32,0,1,1,4294967295
GuyTileset,736,992,0,224,32,32,0,1,1,4294967295
GuyTileset,704,992,0,224,32,32,0,1,1,4294967295
GuyTileset,672,992,0,224,32,32,0,1,1,4294967295
GuyTileset,640,992,0,224,32,32,0,1,1,4294967295
GuyTileset,608,992,0,224,32,32,0,1,1,4294967295
GuyTileset,576,992,0,224,32,32,0,1,1,4294967295
GuyTileset,640,1024,0,224,32,32,0,1,1,4294967295
GuyTileset,672,1024,0,224,32,32,0,1,1,4294967295
GuyTileset,704,1024,0,224,32,32,0,1,1,4294967295
GuyTileset,736,1024,0,224,32,32,0,1,1,4294967295
GuyTileset,672,1056,0,224,32,32,0,1,1,4294967295
GuyTileset,640,1056,0,224,32,32,0,1,1,4294967295
GuyTileset,608,1024,0,224,32,32,0,1,1,4294967295
GuyTileset,576,1024,0,224,32,32,0,1,1,4294967295
GuyTileset,576,1056,0,224,32,32,0,1,1,4294967295
GuyTileset,576,1088,0,224,32,32,0,1,1,4294967295
GuyTileset,608,1088,0,224,32,32,0,1,1,4294967295
GuyTileset,640,1088,0,224,32,32,0,1,1,4294967295
GuyTileset,672,1088,0,224,32,32,0,1,1,4294967295
GuyTileset,704,1088,0,224,32,32,0,1,1,4294967295
GuyTileset,736,1088,0,224,32,32,0,1,1,4294967295
GuyTileset,736,1056,0,224,32,32,0,1,1,4294967295
GuyTileset,704,1056,0,224,32,32,0,1,1,4294967295
GuyTileset,608,1056,0,224,32,32,0,1,1,4294967295
GuyTileset,576,1120,0,224,32,32,0,1,1,4294967295
GuyTileset,576,1152,0,224,32,32,0,1,1,4294967295
GuyTileset,576,1184,0,224,32,32,0,1,1,4294967295
GuyTileset,576,1216,0,224,32,32,0,1,1,4294967295
GuyTileset,576,1248,0,224,32,32,0,1,1,4294967295
GuyTileset,576,1280,0,224,32,32,0,1,1,4294967295
GuyTileset,576,1312,0,224,32,32,0,1,1,4294967295
GuyTileset,576,1344,0,224,32,32,0,1,1,4294967295
GuyTileset,608,1344,0,224,32,32,0,1,1,4294967295
GuyTileset,640,1344,0,224,32,32,0,1,1,4294967295
GuyTileset,672,1344,0,224,32,32,0,1,1,4294967295
GuyTileset,704,1344,0,224,32,32,0,1,1,4294967295
GuyTileset,736,1344,0,224,32,32,0,1,1,4294967295
GuyTileset,736,1312,0,224,32,32,0,1,1,4294967295
GuyTileset,736,1280,0,224,32,32,0,1,1,4294967295
GuyTileset,736,1248,0,224,32,32,0,1,1,4294967295
GuyTileset,736,1216,0,224,32,32,0,1,1,4294967295
GuyTileset,736,1184,0,224,32,32,0,1,1,4294967295
GuyTileset,736,1152,0,224,32,32,0,1,1,4294967295
GuyTileset,736,1120,0,224,32,32,0,1,1,4294967295
GuyTileset,704,1120,0,224,32,32,0,1,1,4294967295
GuyTileset,640,1120,0,224,32,32,0,1,1,4294967295
GuyTileset,608,1120,0,224,32,32,0,1,1,4294967295
GuyTileset,608,1184,0,224,32,32,0,1,1,4294967295
GuyTileset,608,1216,0,224,32,32,0,1,1,4294967295
GuyTileset,608,1248,0,224,32,32,0,1,1,4294967295
GuyTileset,608,1280,0,224,32,32,0,1,1,4294967295
GuyTileset,608,1312,0,224,32,32,0,1,1,4294967295
GuyTileset,672,1312,0,224,32,32,0,1,1,4294967295
GuyTileset,704,1312,0,224,32,32,0,1,1,4294967295
GuyTileset,704,1248,0,224,32,32,0,1,1,4294967295
GuyTileset,704,1184,0,224,32,32,0,1,1,4294967295
GuyTileset,704,1152,0,224,32,32,0,1,1,4294967295
GuyTileset,672,1120,0,224,32,32,0,1,1,4294967295
GuyTileset,640,1184,0,224,32,32,0,1,1,4294967295
GuyTileset,640,1280,0,224,32,32,0,1,1,4294967295
GuyTileset,640,1312,0,224,32,32,0,1,1,4294967295
GuyTileset,704,1280,0,224,32,32,0,1,1,4294967295
GuyTileset,704,1216,0,224,32,32,0,1,1,4294967295
GuyTileset,672,1216,0,224,32,32,0,1,1,4294967295
GuyTileset,672,1184,0,224,32,32,0,1,1,4294967295
GuyTileset,672,1152,0,224,32,32,0,1,1,4294967295
GuyTileset,640,1152,0,224,32,32,0,1,1,4294967295
GuyTileset,608,1152,0,224,32,32,0,1,1,4294967295
GuyTileset,640,1248,0,224,32,32,0,1,1,4294967295
GuyTileset,672,1280,0,224,32,32,0,1,1,4294967295
GuyTileset,672,1248,0,224,32,32,0,1,1,4294967295
GuyTileset,640,1216,0,224,32,32,0,1,1,4294967295
GuyTileset,768,480,0,224,32,32,0,1,1,4294967295
GuyTileset,672,480,0,224,32,32,0,1,1,4294967295
GuyTileset,672,512,0,224,32,32,0,1,1,4294967295
GuyTileset,672,544,0,224,32,32,0,1,1,4294967295
GuyTileset,672,576,0,224,32,32,0,1,1,4294967295
GuyTileset,672,608,0,224,32,32,0,1,1,4294967295
GuyTileset,672,640,0,224,32,32,0,1,1,4294967295
GuyTileset,768,640,0,224,32,32,0,1,1,4294967295
GuyTileset,768,608,0,224,32,32,0,1,1,4294967295
GuyTileset,768,576,0,224,32,32,0,1,1,4294967295
GuyTileset,768,544,0,224,32,32,0,1,1,4294967295
GuyTileset,768,512,0,224,32,32,0,1,1,4294967295
GuyTileset,736,512,0,224,32,32,0,1,1,4294967295
GuyTileset,736,480,0,224,32,32,0,1,1,4294967295
GuyTileset,704,480,0,224,32,32,0,1,1,4294967295
GuyTileset,704,512,0,224,32,32,0,1,1,4294967295
GuyTileset,704,576,0,224,32,32,0,1,1,4294967295
GuyTileset,704,608,0,224,32,32,0,1,1,4294967295
GuyTileset,704,640,0,224,32,32,0,1,1,4294967295
GuyTileset,736,640,0,224,32,32,0,1,1,4294967295
GuyTileset,736,544,0,224,32,32,0,1,1,4294967295
GuyTileset,704,544,0,224,32,32,0,1,1,4294967295
GuyTileset,736,576,0,224,32,32,0,1,1,4294967295
GuyTileset,736,608,0,224,32,32,0,1,1,4294967295
GuyTileset,608,576,0,224,32,32,0,1,1,4294967295
GuyTileset,608,608,0,224,32,32,0,1,1,4294967295
GuyTileset,576,608,0,224,32,32,0,1,1,4294967295
GuyTileset,544,608,0,224,32,32,0,1,1,4294967295
GuyTileset,512,608,0,224,32,32,0,1,1,4294967295
GuyTileset,512,576,0,224,32,32,0,1,1,4294967295
GuyTileset,512,544,0,224,32,32,0,1,1,4294967295
GuyTileset,512,512,0,224,32,32,0,1,1,4294967295
GuyTileset,512,480,0,224,32,32,0,1,1,4294967295
GuyTileset,544,480,0,224,32,32,0,1,1,4294967295
GuyTileset,576,480,0,224,32,32,0,1,1,4294967295
GuyTileset,576,512,0,224,32,32,0,1,1,4294967295
GuyTileset,576,544,0,224,32,32,0,1,1,4294967295
GuyTileset,576,576,0,224,32,32,0,1,1,4294967295
GuyTileset,544,576,0,224,32,32,0,1,1,4294967295
GuyTileset,544,544,0,224,32,32,0,1,1,4294967295
GuyTileset,544,512,0,224,32,32,0,1,1,4294967295
GuyTileset,512,384,0,224,32,32,0,1,1,4294967295
GuyTileset,512,352,0,224,32,32,0,1,1,4294967295
GuyTileset,512,320,0,224,32,32,0,1,1,4294967295
GuyTileset,512,288,0,224,32,32,0,1,1,4294967295
GuyTileset,512,256,0,224,32,32,0,1,1,4294967295
GuyTileset,512,416,0,224,32,32,0,1,1,4294967295
GuyTileset,512,448,0,224,32,32,0,1,1,4294967295
GuyTileset,768,352,0,224,32,32,0,1,1,4294967295
GuyTileset,768,320,0,224,32,32,0,1,1,4294967295
GuyTileset,768,288,0,224,32,32,0,1,1,4294967295
GuyTileset,736,288,0,224,32,32,0,1,1,4294967295
GuyTileset,704,288,0,224,32,32,0,1,1,4294967295
GuyTileset,672,288,0,224,32,32,0,1,1,4294967295
GuyTileset,640,288,0,224,32,32,0,1,1,4294967295
GuyTileset,608,288,0,224,32,32,0,1,1,4294967295
GuyTileset,576,288,0,224,32,32,0,1,1,4294967295
GuyTileset,544,288,0,224,32,32,0,1,1,4294967295
GuyTileset,544,256,0,224,32,32,0,1,1,4294967295
GuyTileset,576,256,0,224,32,32,0,1,1,4294967295
GuyTileset,608,256,0,224,32,32,0,1,1,4294967295
GuyTileset,640,256,0,224,32,32,0,1,1,4294967295
GuyTileset,672,256,0,224,32,32,0,1,1,4294967295
GuyTileset,704,256,0,224,32,32,0,1,1,4294967295
GuyTileset,736,256,0,224,32,32,0,1,1,4294967295
GuyTileset,768,256,0,224,32,32,0,1,1,4294967295
GuyTileset,768,224,0,224,32,32,0,1,1,4294967295
GuyTileset,704,224,0,224,32,32,0,1,1,4294967295
GuyTileset,672,224,0,224,32,32,0,1,1,4294967295
GuyTileset,640,224,0,224,32,32,0,1,1,4294967295
GuyTileset,608,224,0,224,32,32,0,1,1,4294967295
GuyTileset,576,224,0,224,32,32,0,1,1,4294967295
GuyTileset,544,224,0,224,32,32,0,1,1,4294967295
GuyTileset,544,192,0,224,32,32,0,1,1,4294967295
GuyTileset,512,224,0,224,32,32,0,1,1,4294967295
GuyTileset,512,192,0,224,32,32,0,1,1,4294967295
GuyTileset,512,160,0,224,32,32,0,1,1,4294967295
GuyTileset,544,160,0,224,32,32,0,1,1,4294967295
GuyTileset,576,160,0,224,32,32,0,1,1,4294967295
GuyTileset,608,160,0,224,32,32,0,1,1,4294967295
GuyTileset,640,160,0,224,32,32,0,1,1,4294967295
GuyTileset,672,160,0,224,32,32,0,1,1,4294967295
GuyTileset,768,160,0,224,32,32,0,1,1,4294967295
GuyTileset,768,192,0,224,32,32,0,1,1,4294967295
GuyTileset,736,224,0,224,32,32,0,1,1,4294967295
GuyTileset,672,192,0,224,32,32,0,1,1,4294967295
GuyTileset,640,192,0,224,32,32,0,1,1,4294967295
GuyTileset,576,192,0,224,32,32,0,1,1,4294967295
GuyTileset,608,192,0,224,32,32,0,1,1,4294967295
GuyTileset,704,192,0,224,32,32,0,1,1,4294967295
GuyTileset,736,192,0,224,32,32,0,1,1,4294967295
GuyTileset,736,160,0,224,32,32,0,1,1,4294967295
GuyTileset,704,160,0,224,32,32,0,1,1,4294967295
GuyTileset,96,128,0,224,32,32,0,1,1,4294967295
GuyTileset,128,128,0,224,32,32,0,1,1,4294967295
GuyTileset,160,128,0,224,32,32,0,1,1,4294967295
GuyTileset,192,128,0,224,32,32,0,1,1,4294967295
GuyTileset,224,128,0,224,32,32,0,1,1,4294967295
GuyTileset,256,128,0,224,32,32,0,1,1,4294967295
GuyTileset,288,128,0,224,32,32,0,1,1,4294967295
GuyTileset,320,128,0,224,32,32,0,1,1,4294967295
GuyTileset,352,128,0,224,32,32,0,1,1,4294967295
GuyTileset,384,128,0,224,32,32,0,1,1,4294967295
GuyTileset,416,128,0,224,32,32,0,1,1,4294967295
GuyTileset,448,128,0,224,32,32,0,1,1,4294967295
GuyTileset,480,128,0,224,32,32,0,1,1,4294967295
GuyTileset,512,128,0,224,32,32,0,1,1,4294967295
GuyTileset,544,128,0,224,32,32,0,1,1,4294967295
GuyTileset,576,128,0,224,32,32,0,1,1,4294967295
GuyTileset,608,128,0,224,32,32,0,1,1,4294967295
GuyTileset,640,128,0,224,32,32,0,1,1,4294967295
GuyTileset,672,128,0,224,32,32,0,1,1,4294967295
GuyTileset,704,128,0,224,32,32,0,1,1,4294967295
GuyTileset,736,128,0,224,32,32,0,1,1,4294967295
GuyTileset,768,128,0,224,32,32,0,1,1,4294967295
GuyTileset,768,96,0,224,32,32,0,1,1,4294967295
GuyTileset,736,96,0,224,32,32,0,1,1,4294967295
GuyTileset,704,96,0,224,32,32,0,1,1,4294967295
GuyTileset,672,96,0,224,32,32,0,1,1,4294967295
GuyTileset,640,96,0,224,32,32,0,1,1,4294967295
GuyTileset,608,96,0,224,32,32,0,1,1,4294967295
GuyTileset,576,96,0,224,32,32,0,1,1,4294967295
GuyTileset,544,96,0,224,32,32,0,1,1,4294967295
GuyTileset,512,96,0,224,32,32,0,1,1,4294967295
GuyTileset,480,96,0,224,32,32,0,1,1,4294967295
GuyTileset,448,96,0,224,32,32,0,1,1,4294967295
GuyTileset,416,96,0,224,32,32,0,1,1,4294967295
GuyTileset,384,96,0,224,32,32,0,1,1,4294967295
GuyTileset,352,96,0,224,32,32,0,1,1,4294967295
GuyTileset,320,96,0,224,32,32,0,1,1,4294967295
GuyTileset,288,96,0,224,32,32,0,1,1,4294967295
GuyTileset,256,96,0,224,32,32,0,1,1,4294967295
GuyTileset,224,96,0,224,32,32,0,1,1,4294967295
GuyTileset,192,96,0,224,32,32,0,1,1,4294967295
GuyTileset,160,96,0,224,32,32,0,1,1,4294967295
GuyTileset,128,96,0,224,32,32,0,1,1,4294967295
GuyTileset,96,96,0,224,32,32,0,1,1,4294967295
GuyTileset,96,64,0,224,32,32,0,1,1,4294967295
GuyTileset,128,64,0,224,32,32,0,1,1,4294967295
GuyTileset,160,64,0,224,32,32,0,1,1,4294967295
GuyTileset,192,64,0,224,32,32,0,1,1,4294967295
GuyTileset,224,64,0,224,32,32,0,1,1,4294967295
GuyTileset,288,64,0,224,32,32,0,1,1,4294967295
GuyTileset,320,64,0,224,32,32,0,1,1,4294967295
GuyTileset,352,64,0,224,32,32,0,1,1,4294967295
GuyTileset,384,64,0,224,32,32,0,1,1,4294967295
GuyTileset,416,64,0,224,32,32,0,1,1,4294967295
GuyTileset,448,64,0,224,32,32,0,1,1,4294967295
GuyTileset,480,64,0,224,32,32,0,1,1,4294967295
GuyTileset,512,64,0,224,32,32,0,1,1,4294967295
GuyTileset,544,64,0,224,32,32,0,1,1,4294967295
GuyTileset,576,64,0,224,32,32,0,1,1,4294967295
GuyTileset,608,64,0,224,32,32,0,1,1,4294967295
GuyTileset,640,64,0,224,32,32,0,1,1,4294967295
GuyTileset,672,64,0,224,32,32,0,1,1,4294967295
GuyTileset,704,64,0,224,32,32,0,1,1,4294967295
GuyTileset,736,64,0,224,32,32,0,1,1,4294967295
GuyTileset,768,64,0,224,32,32,0,1,1,4294967295
GuyTileset,768,32,0,224,32,32,0,1,1,4294967295
GuyTileset,736,32,0,224,32,32,0,1,1,4294967295
GuyTileset,704,32,0,224,32,32,0,1,1,4294967295
GuyTileset,672,32,0,224,32,32,0,1,1,4294967295
GuyTileset,640,32,0,224,32,32,0,1,1,4294967295
GuyTileset,608,32,0,224,32,32,0,1,1,4294967295
GuyTileset,576,32,0,224,32,32,0,1,1,4294967295
GuyTileset,512,32,0,224,32,32,0,1,1,4294967295
GuyTileset,480,32,0,224,32,32,0,1,1,4294967295
GuyTileset,448,32,0,224,32,32,0,1,1,4294967295
GuyTileset,416,32,0,224,32,32,0,1,1,4294967295
GuyTileset,384,32,0,224,32,32,0,1,1,4294967295
GuyTileset,352,32,0,224,32,32,0,1,1,4294967295
GuyTileset,320,32,0,224,32,32,0,1,1,4294967295
GuyTileset,288,32,0,224,32,32,0,1,1,4294967295
GuyTileset,256,64,0,224,32,32,0,1,1,4294967295
GuyTileset,256,32,0,224,32,32,0,1,1,4294967295
GuyTileset,224,32,0,224,32,32,0,1,1,4294967295
GuyTileset,192,32,0,224,32,32,0,1,1,4294967295
GuyTileset,160,32,0,224,32,32,0,1,1,4294967295
GuyTileset,128,32,0,224,32,32,0,1,1,4294967295
GuyTileset,96,32,0,224,32,32,0,1,1,4294967295
GuyTileset,96,0,0,224,32,32,0,1,1,4294967295
GuyTileset,0,0,0,224,32,32,0,1,1,4294967295
GuyTileset,32,0,0,224,32,32,0,1,1,4294967295
GuyTileset,64,0,0,224,32,32,0,1,1,4294967295
GuyTileset,192,0,0,224,32,32,0,1,1,4294967295
GuyTileset,224,0,0,224,32,32,0,1,1,4294967295
GuyTileset,256,0,0,224,32,32,0,1,1,4294967295
GuyTileset,288,0,0,224,32,32,0,1,1,4294967295
GuyTileset,320,0,0,224,32,32,0,1,1,4294967295
GuyTileset,352,0,0,224,32,32,0,1,1,4294967295
GuyTileset,576,0,0,224,32,32,0,1,1,4294967295
GuyTileset,608,0,0,224,32,32,0,1,1,4294967295
GuyTileset,768,0,0,224,32,32,0,1,1,4294967295
GuyTileset,736,0,0,224,32,32,0,1,1,4294967295
GuyTileset,640,0,0,224,32,32,0,1,1,4294967295
GuyTileset,544,0,0,224,32,32,0,1,1,4294967295
GuyTileset,384,0,0,224,32,32,0,1,1,4294967295
GuyTileset,512,0,0,224,32,32,0,1,1,4294967295
GuyTileset,704,0,0,224,32,32,0,1,1,4294967295
GuyTileset,672,0,0,224,32,32,0,1,1,4294967295
GuyTileset,544,32,0,224,32,32,0,1,1,4294967295
GuyTileset,480,0,0,224,32,32,0,1,1,4294967295
GuyTileset,448,0,0,224,32,32,0,1,1,4294967295
GuyTileset,416,0,0,224,32,32,0,1,1,4294967295
GuyTileset,160,0,0,224,32,32,0,1,1,4294967295
GuyTileset,128,0,0,224,32,32,0,1,1,4294967295
GuyTileset,0,192,0,224,32,32,0,1,1,4294967295
GuyTileset,0,224,0,224,32,32,0,1,1,4294967295
GuyTileset,0,256,0,224,32,32,0,1,1,4294967295
GuyTileset,0,288,0,224,32,32,0,1,1,4294967295
GuyTileset,0,320,0,224,32,32,0,1,1,4294967295
GuyTileset,0,352,0,224,32,32,0,1,1,4294967295
GuyTileset,0,384,0,224,32,32,0,1,1,4294967295
GuyTileset,0,416,0,224,32,32,0,1,1,4294967295
GuyTileset,0,480,0,224,32,32,0,1,1,4294967295
GuyTileset,0,512,0,224,32,32,0,1,1,4294967295
GuyTileset,0,544,0,224,32,32,0,1,1,4294967295
GuyTileset,0,576,0,224,32,32,0,1,1,4294967295
GuyTileset,0,608,0,224,32,32,0,1,1,4294967295
GuyTileset,0,640,0,224,32,32,0,1,1,4294967295
GuyTileset,0,672,0,224,32,32,0,1,1,4294967295
GuyTileset,0,448,0,224,32,32,0,1,1,4294967295
GuyTileset,704,1984,0,224,32,32,0,1,1,4294967295
GuyTileset,736,1984,0,224,32,32,0,1,1,4294967295
GuyTileset,736,2016,0,224,32,32,0,1,1,4294967295
GuyTileset,736,2048,0,224,32,32,0,1,1,4294967295
GuyTileset,384,1344,0,224,32,32,0,1,1,4294967295
GuyTileset,416,2624,0,224,32,32,0,1,1,4294967295
GuyTileset,224,2624,0,224,32,32,0,1,1,4294967295
GuyTileset,320,1216,0,224,32,32,0,1,1,4294967295
GuyTileset,160,2368,0,224,32,32,0,1,1,4294967295
GuyTileset,64,1088,0,224,32,32,0,1,1,4294967295
GuyTileset,64,1120,0,224,32,32,0,1,1,4294967295
GuyTileset,64,1152,0,224,32,32,0,1,1,4294967295
GuyTileset,96,1152,0,224,32,32,0,1,1,4294967295
GuyTileset,32,1152,0,224,32,32,0,1,1,4294967295
GuyTileset,32,1056,0,224,32,32,0,1,1,4294967295
GuyTileset,32,1088,0,224,32,32,0,1,1,4294967295
GuyTileset,32,1120,0,224,32,32,0,1,1,4294967295
GuyTileset,64,1824,32,224,32,32,0,1,1,4294967295
GuyTileset,128,1152,32,224,32,32,0,1,1,4294967295
GuyTileset,160,1152,32,224,32,32,0,1,1,4294967295
GuyTileset,32,1024,32,224,32,32,0,1,1,4294967295
GuyTileset,64,1056,32,224,32,32,0,1,1,4294967295
GuyTileset,96,1120,32,224,32,32,0,1,1,4294967295
GuyTileset,192,1952,32,224,32,32,0,1,1,4294967295
GuyTileset,224,1216,0,224,32,32,0,1,1,4294967295
GuyHole,640,2864,0,0,120,112,0,1,1,4294967295
GuyTileset,192,1248,0,224,32,32,0,1,1,4294967295
GuySign,464,2848,0,0,128,64,0,1,1,4294967295
GuyTileset,448,2304,32,224,32,32,0,1,1,4294967295
GuyTileset,544,736,32,224,32,32,0,1,1,4294967295
GuyTileset,576,736,32,224,32,32,0,1,1,4294967295
GuyTileset,608,736,32,224,32,32,0,1,1,4294967295
GuyTileset,768,2896,0,224,32,32,0,1,1,4294967295
GuyTileset,768,2928,0,224,32,32,0,1,1,4294967295
