spikeUp,224,544,00210959,0,1,1,4294967295,0,0
spikeUp,352,544,000786EE,0,1,1,4294967295,0,0
spikeUp,416,544,0036E005,0,1,1,4294967295,0,0
spikeUp,480,544,002A35F8,0,1,1,4294967295,0,0
spikeUp,576,544,00067FB7,0,1,1,4294967295,0,0
spikeUp,544,544,0037C4A6,0,1,1,4294967295,0,0
spikeUp,288,352,002A1DED,0,1,1,4294967295,0,0
spikeUp,352,352,0032A2C2,0,1,1,4294967295,0,0
spikeUp,416,352,003111D6,0,1,1,4294967295,0,0
spikeDown,224,416,000A67A5,0,1,1,4294967295,0,0
spikeDown,256,480,00324CC7,0,1,1,4294967295,0,0
spikeDown,288,416,001A5548,0,1,1,4294967295,0,0
spikeDown,320,416,00153BD6,0,1,1,4294967295,0,0
spikeDown,352,448,003C14E0,0,1,1,4294967295,0,0
spikeDown,384,448,0026276E,0,1,1,4294967295,0,0
spikeDown,416,448,001F1AD0,0,1,1,4294967295,0,0
spikeDown,480,416,000DF8F6,0,1,1,4294967295,0,0
spikeDown,448,416,000374AF,0,1,1,4294967295,0,0
spikeDown,512,448,0008695B,0,1,1,4294967295,0,0
spikeDown,544,448,001FA45F,0,1,1,4294967295,0,0
spikeDown,576,416,003BC849,0,1,1,4294967295,0,0
spikeDown,608,416,0011EF1F,0,1,1,4294967295,0,0
spikeDown,640,480,0006BC7A,0,1,1,4294967295,0,0
spikeDown,672,416,0012B6A7,0,1,1,4294967295,0,0
spikeDown,704,256,00017160,0,1,1,4294967295,0,0
spikeDown,576,288,001FA288,0,1,1,4294967295,0,0
spikeDown,544,256,000EC0DE,0,1,1,4294967295,0,0
spikeDown,512,256,002ED137,0,1,1,4294967295,0,0
spikeDown,480,288,0037E01E,0,1,1,4294967295,0,0
spikeDown,352,256,003FE24A,0,1,1,4294967295,0,0
spikeRight,224,256,003993A6,0,1,1,4294967295,0,0
spikeRight,96,384,003CB813,0,1,1,4294967295,0,0
spikeRight,96,416,00374D6D,0,1,1,4294967295,0,0
spikeLeft,160,384,003AD03C,0,1,1,4294967295,0,0
spikeLeft,160,416,001AA874,0,1,1,4294967295,0,0
spikeRight,224,288,0022295D,0,1,1,4294967295,0,0
SpikeTrap,384,576,00386DA1,0,1,1,4294967295,0,1
SpikeTrap,640,544,0002824A,0,1,1,4294967295,0,1
SpikeTrap,672,352,003E2F4D,0,1,1,4294967295,0,1
SpikeTrap,576,352,000A979D,0,1,1,4294967295,0,1
SpikeTrap,480,352,00257520,0,1,1,4294967295,0,1
SpikeTrap,528,224,001CCCBC,0,1,1,4294967295,0,1
SpikeTrap,64,160,000048C7,0,1,1,4294967295,0,1
SpikeTrap,64,128,003CB6FB,0,1,1,4294967295,0,1
SpikeTrap,64,96,002EFFB7,0,1,1,4294967295,0,1
SpikeTrap,64,64,0034BC38,0,1,1,4294967295,0,1
SpikeTrap,64,32,003B8C0E,0,1,1,4294967295,0,1
SpikeTrap,32,160,0019C41E,0,1,1,4294967295,0,1
SpikeTrap,32,128,003EAC9F,0,1,1,4294967295,0,1
SpikeTrap,32,96,00201094,0,1,1,4294967295,0,1
SpikeTrap,32,64,0036BB39,0,1,1,4294967295,0,1
SpikeTrap,32,32,00386661,0,1,1,4294967295,0,1
spikeRight,64,192,00231D7B,0,1,1,4294967295,0,0
spikeRight,64,224,003DBB30,0,1,1,4294967295,0,0
SpikeTrap,704,544,87285BEB,0,1,1,4294967295,0,1
CrimsonBlockDestroy,160,128,00202B6C,0,1,1,4294967295,0,0
CrimsonBlockDestroy,160,160,001A241E,0,1,1,4294967295,0,0
CrimsonBlockDestroy,192,160,00201AE8,0,1,1,4294967295,0,0
CrimsonBlockDestroy,160,64,002C4C72,0,1,1,4294967295,0,0
CrimsonBlockDestroy,160,32,00069A64,0,1,1,4294967295,0,0
CrimsonBlockDestroy,128,32,003B96C1,0,1,1,4294967295,0,0
CrimsonBlockDestroy,192,32,000F1E40,0,1,1,4294967295,0,0
CrimsonBlockDestroy,224,96,003F22F3,0,1,1,4294967295,0,0
CrimsonBlockDestroy,256,32,00173EA9,0,1,1,4294967295,0,0
CrimsonBlockDestroy,288,32,00334936,0,1,1,4294967295,0,0
CrimsonBlockDestroy,288,64,0020FC9D,0,1,1,4294967295,0,0
CrimsonBlockDestroy,320,32,000CEE6F,0,1,1,4294967295,0,0
CrimsonBlockDestroy,256,160,0029E14C,0,1,1,4294967295,0,0
CrimsonBlockDestroy,288,160,001E5587,0,1,1,4294967295,0,0
CrimsonBlockDestroy,288,128,0010245C,0,1,1,4294967295,0,0
CrimsonBlockDestroy,320,160,003D61AA,0,1,1,4294967295,0,0
CrimsonBlockDestroy,384,96,0037CD8D,0,1,1,4294967295,0,0
CrimsonBlockDestroy,384,128,001BE820,0,1,1,4294967295,0,0
CrimsonBlockDestroy,384,160,002A3854,0,1,1,4294967295,0,0
CrimsonBlockDestroy,416,96,003CE156,0,1,1,4294967295,0,0
CrimsonBlockDestroy,384,32,0026D0BF,0,1,1,4294967295,0,0
CrimsonBlockDestroy,416,32,0031479A,0,1,1,4294967295,0,0
CrimsonBlockDestroy,480,32,001F7F30,0,1,1,4294967295,0,0
CrimsonBlockDestroy,480,64,001E6C82,0,1,1,4294967295,0,0
CrimsonBlockDestroy,480,96,0024AB45,0,1,1,4294967295,0,0
CrimsonBlockDestroy,480,128,003CFD6B,0,1,1,4294967295,0,0
CrimsonBlockDestroy,544,64,0020349D,0,1,1,4294967295,0,0
CrimsonBlockDestroy,576,64,00338785,0,1,1,4294967295,0,0
CrimsonBlockDestroy,576,96,001C50D0,0,1,1,4294967295,0,0
CrimsonBlockDestroy,576,128,00305D0C,0,1,1,4294967295,0,0
CrimsonBlockDestroy,576,160,00160EF3,0,1,1,4294967295,0,0
CrimsonCherry,240,80,003B41F3,0,1,1,4294967295,0,1
CrimsonCherry,240,144,00220BFB,0,1,1,4294967295,0,1
CrimsonCherry,368,80,0015E214,0,1,1,4294967295,0,1
CrimsonCherry,464,144,00207CC3,0,1,1,4294967295,0,1
CrimsonHorSpikeTrap,688,528,00198203,0,1,1,4294967295,0,0
CrimsonVerSpikeTrap,304,240,003FBF99,0,1,1,4294967295,0,0
CrimsonVerSpikeTrap,432,240,003BC6B9,0,1,1,4294967295,0,0
CrimsonVerSpikeTrap,656,240,0004068D,0,1,1,4294967295,0,1
FakeWarp,640,160,001356D9,0,1,1,4294967295,0,1
savePoint,32,544,001CCF72,0,1,1,4294967295,0,0
playerStart,64,544,00285040,0,1,1,4294967295,0,0
SpikeTrigger,320,416,0012A4E1,0,1,5,4294967295,0,1
SpikeTrigger,576,416,001ED312,0,1,5,4294967295,0,1
SpikeTrigger,736,448,000E6AF2,0,1,1,4294967295,0,1
SpikeTrigger,608,368,0012FAA1,0,2,1,4294967295,0,1
SpikeTrigger,160,96,001C3481,0,1,1,4294967295,0,1
TitleCard,800,0,00278823,0,1,1,4294967295,0,0
block,32,0,000E1B71,0,23,1,4294967295,0,0
block,768,32,002AB739,0,1,14,4294967295,0,0
block,0,544,000BF870,0,1,1,4294967295,0,0
block,0,512,000F8C3B,0,1,1,4294967295,0,0
block,0,480,00123A2C,0,1,1,4294967295,0,0
block,32,192,0014C572,0,1,2,4294967295,0,0
block,0,32,003CFBB7,0,1,5,4294967295,0,0
block,96,544,0002B96B,0,1,1,4294967295,0,0
block,160,480,0001C527,0,1,1,4294967295,0,0
block,192,416,000DF9F5,0,1,1,4294967295,0,0
block,64,384,00191412,0,1,2,4294967295,0,0
block,32,448,000E144C,0,1,1,4294967295,0,0
block,352,416,0028F7BD,0,3,1,4294967295,0,0
block,192,384,0001E78B,0,17,1,4294967295,0,0
block,512,416,00284501,0,2,1,4294967295,0,0
block,640,416,0020B275,0,1,2,4294967295,0,0
block,704,416,003CA8F9,0,1,1,4294967295,0,0
block,704,480,000C2F39,0,2,3,4294967295,0,0
block,64,256,00394ED3,0,2,1,4294967295,0,0
block,192,192,002C1218,0,1,1,4294967295,0,0
block,160,192,0036BCCC,0,1,1,4294967295,0,0
block,160,224,0001A5E0,0,2,3,4294967295,0,0
block,224,192,00171A6A,0,1,1,4294967295,0,0
block,224,224,00136D56,0,1,1,4294967295,0,0
block,288,192,001B24D4,0,1,1,4294967295,0,0
block,320,192,001F22A3,0,1,1,4294967295,0,0
block,352,192,00210222,0,1,1,4294967295,0,0
block,256,192,002354E9,0,1,1,4294967295,0,0
block,352,224,003B05FF,0,1,1,4294967295,0,0
block,384,192,00286324,0,1,1,4294967295,0,0
block,416,192,001A03D3,0,1,1,4294967295,0,0
block,448,192,00077A07,0,1,1,4294967295,0,0
block,480,192,00249992,0,1,1,4294967295,0,0
block,480,224,001310A0,0,4,1,4294967295,0,0
block,480,256,001B4F62,0,1,1,4294967295,0,0
block,576,192,00054DF5,0,6,1,4294967295,0,0
block,576,256,000D6B08,0,1,1,4294967295,0,0
block,704,224,000E30BD,0,1,1,4294967295,0,0
block,32,576,062DEDFD,0,21,1,4294967295,0,0
block,128,512,6DCCFC64,0,2,2,4294967295,0,0
block,256,416,FD58C6AB,0,1,2,4294967295,0,0
block,128,352,7F70E3A7,0,4,1,4294967295,0,0
block,96,288,A132C182,0,1,3,4294967295,0,0
