spikeUp,96,544,003DA78B,0,1,1,4294967295,0,0
spikeUp,128,544,003A3660,0,1,1,4294967295,0,0
spikeUp,160,544,0020B384,0,1,1,4294967295,0,0
spikeUp,96,416,002FE59C,0,1,1,4294967295,0,0
spikeUp,32,416,00276BD7,0,1,1,4294967295,0,0
spikeUp,256,256,00231B3F,0,1,1,4294967295,0,0
spikeUp,256,128,000EAA75,0,1,1,4294967295,0,0
spikeUp,384,192,0010C375,0,1,1,4294967295,0,0
spikeUp,32,128,001D821E,0,1,1,4294967295,0,0
spikeUp,704,96,001F460C,0,1,1,4294967295,0,0
spikeUp,736,96,0016F937,0,1,1,4294967295,0,0
spikeUp,576,384,00195B0D,0,1,1,4294967295,0,0
spikeUp,416,544,00146AC7,0,1,1,4294967295,0,0
spikeUp,544,544,001FD456,0,1,1,4294967295,0,0
spikeUp,608,544,00339BD8,0,1,1,4294967295,0,0
spikeUp,672,544,003029C0,0,1,1,4294967295,0,0
spikeUp,704,544,0013EB88,0,1,1,4294967295,0,0
spikeUp,512,320,001D1AC4,0,1,1,4294967295,0,0
spikeUp,448,320,00065754,0,1,1,4294967295,0,0
spikeDown,96,480,00199F81,0,1,1,4294967295,0,0
spikeDown,128,384,002485BA,0,1,1,4294967295,0,0
spikeDown,256,320,00266DB8,0,1,1,4294967295,0,0
spikeDown,256,192,00049B05,0,1,1,4294967295,0,0
spikeDown,160,128,0019B207,0,1,1,4294967295,0,0
spikeDown,576,128,002FADE1,0,1,1,4294967295,0,0
spikeDown,608,128,002FB006,0,1,1,4294967295,0,0
spikeDown,640,64,0016DA5D,0,1,1,4294967295,0,0
spikeDown,672,64,00236356,0,1,1,4294967295,0,0
spikeDown,704,224,002E2A6A,0,1,1,4294967295,0,0
spikeDown,608,320,00243F10,0,1,1,4294967295,0,0
spikeDown,640,480,001348BE,0,1,1,4294967295,0,0
spikeDown,448,480,0007F55B,0,1,1,4294967295,0,0
spikeLeft,224,288,000EF2A2,0,1,1,4294967295,0,0
spikeLeft,224,160,00160E54,0,1,1,4294967295,0,0
spikeRight,288,160,0004AB81,0,1,1,4294967295,0,0
spikeRight,352,64,00243A3A,0,1,1,4294967295,0,0
spikeLeft,320,64,00125F67,0,1,1,4294967295,0,0
spikeUp,608,256,002F8EAD,0,1,1,4294967295,0,0
spikeDown,480,288,0040455E,0,1,1,4294967295,0,0
spikeDown,384,288,00184526,0,1,1,4294967295,0,0
spikeRight,512,128,00230BC6,0,1,1,4294967295,0,0
spikeRight,512,96,001F0F97,0,1,1,4294967295,0,0
spikeRight,512,224,001C8A31,0,1,1,4294967295,0,0
spikeRight,672,384,002DA8ED,0,1,1,4294967295,0,0
spikeLeft,640,384,00097999,0,1,1,4294967295,0,0
spikeDown,576,448,0004DFC2,0,1,1,4294967295,0,0
spikeLeft,704,448,00311451,0,1,1,4294967295,0,0
spikeUp,320,352,00154FA9,0,1,1,4294967295,0,0
spikeUp,224,448,00251ADB,0,1,1,4294967295,0,0
SpikeTrap,256,448,00383223,0,1,1,4294967295,0,1
SpikeTrap,288,448,0009D6E5,0,1,1,4294967295,0,1
SpikeTrap,96,256,00018452,0,1,1,4294967295,0,0
SpikeTrap,736,224,0022ED55,0,1,1,4294967295,0,1
SpikeTrap,736,192,0009F343,0,1,1,4294967295,0,1
SpikeTrap,128,64,001A5DAB,0,1,1,4294967295,0,1
SpikeTrap,576,544,0026C3DF,0,1,1,4294967295,0,1
SpikeTrap,416,256,0001778C,0,1,1,4294967295,0,1
SpikeTrap,96,32,00018EFD,0,1,1,4294967295,0,1
SpikeTrap,32,32,003B812C,0,1,1,4294967295,0,1
SpikeTrap,512,64,0003DF3D,0,1,1,4294967295,0,1
SpikeTrap,512,160,0039A153,0,1,1,4294967295,0,1
SpikeTrap,512,192,00124805,0,1,1,4294967295,0,1
SpikeTrap,672,160,001C97F6,0,1,1,4294967295,0,1
SpikeTrap,672,224,00236F8D,0,1,1,4294967295,0,1
SpikeTrap,256,0,00367959,0,1,1,4294967295,0,1
spikeUp,384,192,00273B06,0,1,1,4294967295,0,0
SpikeTrap,320,384,00196836,0,1,1,4294967295,0,1
spikeDown,384,480,000E9B63,0,1,1,4294967295,0,0
SpikeTrap,512,480,001C7BEA,0,1,1,4294967295,0,1
SpikeTrap,480,544,0029DCE2,0,1,1,4294967295,0,1
warp,768,48,003557D9,0,1,1,4294967295,0,1
FTGSnowfall,32,480,0008A46E,0,1,1,4294967295,0,0
BlockMoveY,576,576,0024F658,0,1,1,4294967295,0,1
BlockMoveY,576,608,003AC105,0,1,1,4294967295,0,1
BlockMoveY,672,192,0012050F,0,1,1,4294967295,0,1
SoundPlayer,640,144,002B186F,0,1,1,4294967295,0,1
SoundPlayer,512,560,002B7235,0,1,1,4294967295,0,1
SoundPlayer,464,32,002290DF,0,1,1,4294967295,0,1
BlockMoveY,480,576,00046E66,0,1,1,4294967295,0,1
BlockMoveY,448,576,0015364C,0,1,1,4294967295,0,1
BlockMoveY,480,608,0018E7DC,0,1,1,4294967295,0,1
savePoint,32,544,00148BCE,0,1,1,4294967295,0,0
playerStart,0,544,00383FA5,0,1,1,4294967295,0,0
SpikeTrigger,128,256,002EA4FE,0,1,1,4294967295,0,1
SpikeTrigger,448,480,002693FE,0,1,1,4294967295,0,1
SpikeTrigger,512,560,0026A696,0,1,1,4294967295,0,1
SpikeTrigger,672,480,0026CBFD,0,1,1,4294967295,0,1
SpikeTrigger,480,416,000782AC,0,1,1,4294967295,0,1
SpikeTrigger,192,160,00025DB6,0,1,1,4294967295,0,1
SpikeTrigger,256,32,0038361E,0,1,1,4294967295,0,1
SpikeTrigger,464,32,0036C0A3,0,1,1,4294967295,0,1
SpikeTrigger,640,144,003BEEF3,0,1,1,4294967295,0,1
BlockDestroy,416,96,00338F62,0,1,1,4294967295,0,1
BlockDestroy,448,96,000DE5A3,0,1,1,4294967295,0,1
BlockDestroy,448,128,00218DE8,0,1,1,4294967295,0,1
BlockDestroy,448,160,00014EEF,0,1,1,4294967295,0,1
BlockDestroy,448,192,0024A189,0,1,1,4294967295,0,1
BlockDestroy,480,192,003AA177,0,1,1,4294967295,0,1
TitleCard,800,0,001830C3,0,1,1,4294967295,0,0
block,608,576,002555BD,0,4,1,4294967295,0,0
block,512,576,00379E8A,0,2,1,4294967295,0,0
block,352,576,00400B4F,0,3,1,4294967295,0,0
block,0,576,00183796,0,6,1,4294967295,0,0
block,128,352,0033A6DC,0,1,1,4294967295,0,0
block,0,320,0004CDB3,0,1,6,4294967295,0,0
block,32,288,000D6C69,0,1,1,4294967295,0,0
block,64,256,000A0759,0,2,1,4294967295,0,0
block,128,192,000E8CCA,0,3,2,4294967295,0,0
block,32,160,0019456A,0,3,1,4294967295,0,0
block,0,32,00021EB9,0,1,4,4294967295,0,0
block,32,0,002BA791,0,8,1,4294967295,0,0
block,96,96,000F6D12,0,3,1,4294967295,0,0
block,256,160,00191135,0,1,1,4294967295,0,0
block,768,96,00315683,0,1,1,4294967295,0,0
block,704,128,000EE15A,0,2,3,4294967295,0,0
block,576,32,002FE763,0,4,1,4294967295,0,0
block,576,64,00054B2D,0,2,2,4294967295,0,0
block,640,192,00333D4B,0,1,4,4294967295,0,0
block,608,288,00314595,0,1,1,4294967295,0,0
block,768,224,003C6331,0,1,7,4294967295,0,0
block,640,448,00351667,0,1,1,4294967295,0,0
block,576,416,0003CE56,0,3,1,4294967295,0,0
block,192,512,000C3719,0,1,2,4294967295,0,0
block,224,480,0037148E,0,3,1,4294967295,0,0
block,320,384,003BDC66,0,1,6,4294967295,0,0
block,448,352,0033B062,0,1,3,4294967295,0,0
block,512,352,00144524,0,1,3,4294967295,0,0
block,480,256,003FC566,0,1,1,4294967295,0,0
block,384,256,002EA357,0,1,1,4294967295,0,0
block,352,224,000321A4,0,5,1,4294967295,0,0
block,480,96,001BEF60,0,1,3,4294967295,0,0
block,416,64,003245EE,0,3,1,4294967295,0,0
block,416,128,0014EAEB,0,1,3,4294967295,0,0
block,256,288,0013FB9E,0,1,1,4294967295,0,0
block,-32,512,0013AADC,0,1,2,4294967295,0,0
block,32,448,BD685AFC,0,3,1,4294967295,0,0
block,736,448,8EA3FAB2,0,1,4,4294967295,0,0
block,384,448,11E674F7,0,5,1,4294967295,0,0
block,384,352,EFC3F739,0,1,3,4294967295,0,0
block,160,64,257D2550,0,4,1,4294967295,0,0
block,416,0,D0164BA4,0,5,1,4294967295,0,0
block,704,0,7BA0E373,0,3,1,4294967295,0,0
