FollowBG,64,352,00270916,0,1,1,4294967295,0,0
spikeLeft,576,160,0009486D,0,1,1,4294967295,0,0
spikeLeft,416,176,0001FE34,0,1,1,4294967295,0,0
spikeLeft,1024,224,003C0109,0,1,1,4294967295,0,0
spikeLeft,224,352,0017B622,0,1,1,4294967295,0,0
spikeLeft,160,224,001286C4,0,1,1,4294967295,0,0
spikeLeft,352,352,001F058A,0,1,1,4294967295,0,0
spikeUp,64,256,0007E7B6,0,1,1,4294967295,0,0
spikeUp,192,192,00145C3A,0,1,1,4294967295,0,0
spikeUp,256,320,002FC625,0,1,1,4294967295,0,0
spikeUp,384,320,003A31B1,0,1,1,4294967295,0,0
spikeUp,320,128,0034D349,0,1,1,4294967295,0,0
spikeUp,448,144,003E5FA2,0,1,1,4294967295,0,0
spikeUp,480,144,003EB76F,0,1,1,4294967295,0,0
spikeUp,608,128,002E992E,0,1,1,4294967295,0,0
spikeUp,576,256,00188049,0,1,1,4294967295,0,0
spikeRight,288,352,003CED63,0,1,1,4294967295,0,0
spikeRight,352,160,0008CA3B,0,1,1,4294967295,0,0
spikeRight,96,288,0030201F,0,1,1,4294967295,0,0
spikeRight,32,208,00365078,0,1,1,4294967295,0,0
spikeUp,896,256,00107E29,0,1,1,4294967295,0,0
spikeUp,1056,192,003D36B6,0,1,1,4294967295,0,0
spikeUp,1472,128,00338DD0,0,1,1,4294967295,0,0
spikeDown,192,256,00048945,0,1,1,4294967295,0,0
spikeRight,224,224,0025922E,0,1,1,4294967295,0,0
spikeDown,608,192,0027B3E2,0,1,1,4294967295,0,0
spikeDown,448,208,00190B1D,0,1,1,4294967295,0,0
spikeDown,480,208,003E756D,0,1,1,4294967295,0,0
spikeRight,512,176,000CFAB9,0,1,1,4294967295,0,0
spikeDown,1184,128,002FD3A5,0,1,1,4294967295,0,0
spikeDown,1216,128,00278B14,0,1,1,4294967295,0,0
spikeDown,1312,128,00038A30,0,1,1,4294967295,0,0
spikeDown,1344,128,001569E5,0,1,1,4294967295,0,0
spikeDown,1248,96,002A051B,0,1,1,4294967295,0,0
spikeDown,1280,96,00364AC1,0,1,1,4294967295,0,0
spikeUp,1184,32,002B485E,0,1,1,4294967295,0,0
spikeUp,1216,32,0006DFA5,0,1,1,4294967295,0,0
spikeUp,1248,0,0024AC53,0,1,1,4294967295,0,0
spikeUp,1280,0,00366999,0,1,1,4294967295,0,0
spikeUp,1312,32,002AC152,0,1,1,4294967295,0,0
spikeUp,1344,32,001CA790,0,1,1,4294967295,0,0
spikeRight,928,288,0020553D,0,1,1,4294967295,0,0
spikeUp,1248,224,00195C04,0,1,1,4294967295,0,0
spikeUp,1280,224,00139BD6,0,1,1,4294967295,0,0
spikeDown,896,320,00205077,0,1,1,4294967295,0,0
spikeRight,96,384,0037B343,0,1,1,4294967295,0,0
spikeDown,384,384,00246772,0,1,1,4294967295,0,0
spikeRight,416,352,002F3EB2,0,1,1,4294967295,0,0
SpikeTrap,864,288,00207F45,0,1,1,4294967295,0,1
SpikeTrap,448,-32,00091C6C,0,1,1,4294967295,0,1
SpikeTrap,480,-32,000E54FA,0,1,1,4294967295,0,1
SpikeTrap,480,-64,001334E6,0,1,1,4294967295,0,1
SpikeTrap,448,-64,00079080,0,1,1,4294967295,0,1
SpikeTrap,576,320,29AF8E31,0,1,1,4294967295,0,1
spikeDown,320,256,3600E751,0,1,1,4294967295,0,0
EdgeMovingSpike,1152,224,FD757692,0,1,1,4294967295,0,0
EdgeMovingSpike,1376,224,83C364B4,0,1,1,4294967295,0,0
movingPlatform,160,384,002B5F9F,0,1,1,4294967295,0,1
movingPlatform,256,240,00206C7E,0,1,1,4294967295,0,1
movingPlatform,320,360,0027B47A,0,1,1,4294967295,0,1
movingPlatform,384,160,000AE3DD,0,1,1,4294967295,0,1
movingPlatform,608,288,003A4B5F,0,1,1,4294967295,0,1
niseblock,384,352,0001426A,0,1,1,4294967295,0,0
niseblock,256,352,0000589F,0,1,1,4294967295,0,0
niseblock,320,160,000259DC,0,1,1,4294967295,0,0
niseblock,192,224,002F3132,0,1,1,4294967295,0,0
movingPlatform,1024,304,001566A7,0,1,1,4294967295,0,1
movingPlatform,1120,232,00093E17,0,1,1,4294967295,0,1
EdgeWarp,1536,32,00367F19,0,1,1,4294967295,0,0
niseblock,608,160,0008612E,0,1,1,4294967295,0,0
niseblock,1056,224,0023FFF8,0,1,1,4294967295,0,0
EdgeFakeBlock,1408,192,00261254,0,1,1,4294967295,0,0
EdgeFakeBlock,1408,160,00105E42,0,1,1,4294967295,0,0
EdgeFakeBlock,1408,128,0006F525,0,1,1,4294967295,0,0
EdgeFakeBlock,224,256,001CF83B,0,1,1,4294967295,0,0
EdgeFakeBlock,192,256,00275E95,0,1,1,4294967295,0,0
SmoothCamera,32,352,00300EDD,0,1,1,4294967295,0,0
EdgeFakeBlock,576,96,1AF8D6BB,0,1,1,4294967295,0,0
EdgeFakeBlock,576,64,EF7F7983,0,1,1,4294967295,0,0
EdgeFakeBlock,576,32,546D0336,0,1,1,4294967295,0,0
EdgeFakeBlock,576,0,48908137,0,1,1,4294967295,0,0
EdgeFakeBlock,576,128,5BF0A158,0,1,1,4294967295,0,0
EdgeFakeBlock,576,192,95F9E464,0,1,1,4294967295,0,0
EdgeFakeBlock,576,224,C25A4019,0,1,1,4294967295,0,0
EdgeFakeBlock,576,352,AE966F7B,0,1,1,4294967295,0,0
EdgeFakeBlock,576,384,94396A5F,0,1,1,4294967295,0,0
EdgeFakeBlock,576,416,3AFA3D8B,0,1,1,4294967295,0,0
EdgeFakeBlock,576,448,00938426,0,1,1,4294967295,0,0
EdgeFakeBlock,576,480,62BB36CF,0,1,1,4294967295,0,0
EdgeFakeBlock,576,512,545666D9,0,1,1,4294967295,0,0
EdgeFakeBlock,576,544,A7A4F818,0,1,1,4294967295,0,0
EdgeFakeBlock,576,576,10555270,0,1,1,4294967295,0,0
EdgeBoss,192,672,0018E16B,0,1,1,4294967295,0,0
BlockMoveY,256,640,DC0BE389,0,1,1,4294967295,0,1
BlockMoveY,352,640,1ABCBC38,0,1,1,4294967295,0,1
BlockMoveY,448,640,039703B8,0,1,1,4294967295,0,1
EdgeFakeBlock,352,288,84F52639,0,1,1,4294967295,0,0
EdgeFakeBlock,544,480,92014975,0,1,1,4294967295,0,0
niseblock,1472,224,000348C8,0,1,1,4294967295,0,0
niseblock,1056,224,00231FA2,0,1,1,4294967295,0,0
savePoint,32,320,003CF886,0,1,1,4294967295,0,0
SpikeTrigger,352,128,002E4F61,0,3,1,4294967295,0,1
SpikeTrigger,928,288,003754C6,0,4,1,4294967295,0,1
playerStart,0,352,003AB68C,0,1,1,4294967295,0,0
SpikeTrigger,416,352,8C37B095,0,5,1,4294967295,0,1
SpikeTrigger,-32,448,DE8F4C33,0,1,1,4294967295,0,1
TitleCard,800,0,00370589,0,1,1,4294967295,0,0
block,0,384,003B8425,0,3,7,4294967295,0,0
block,64,288,0024F4E5,0,1,2,4294967295,0,0
block,256,352,00114F4B,0,1,3,4294967295,0,0
block,192,224,002727D1,0,1,1,4294967295,0,0
block,320,160,000D40A4,0,1,3,4294967295,0,0
block,448,176,0005047C,0,2,1,4294967295,0,0
block,608,160,0020B677,0,1,1,4294967295,0,0
block,896,288,00219127,0,1,1,4294967295,0,0
block,1056,224,00392A04,0,1,3,4294967295,0,0
block,-32,352,0000423A,0,1,1,4294967295,0,0
block,1600,0,0015B914,0,1,6,4294967295,0,0
block,1600,288,00389B1B,0,1,10,4294967295,0,0
block,1568,256,0001E576,0,1,1,4294967295,0,0
block,1472,160,002D7BC3,0,1,5,4294967295,0,0
block,256,352,0032532F,0,1,1,4294967295,0,0
block,384,352,003E7220,0,1,1,4294967295,0,0
block,0,0,0014513A,0,1,11,4294967295,0,0
block,1504,192,4CAF0EEB,0,3,1,4294967295,0,0
block,1504,288,10B7F5F3,0,2,1,4294967295,0,0
block,1184,64,8F41A05A,0,2,2,4294967295,0,0
block,1248,32,5E5631B2,0,2,2,4294967295,0,0
block,1312,64,61728D31,0,2,2,4294967295,0,0
block,576,288,3AB09FFD,0,1,1,4294967295,0,0
