KTGBuilding,128,576,0017BEAB,0,1,1,4294967295,0,0
SpikeTrap,928,608,00313F04,0,1,1,4294967295,0,1
SpikeTrap,960,608,0006759F,0,1,1,4294967295,0,1
SpikeTrap,960,704,00377DC1,0,1,1,4294967295,0,1
SpikeTrap,944,576,00045939,0,1,1,4294967295,0,1
SpikeTrap,928,704,003E66AA,0,1,1,4294967295,0,1
SpikeTrap,928,640,00329BFB,0,1,1,4294967295,0,1
SpikeTrap,960,640,000659BA,0,1,1,4294967295,0,1
KTGDoor,64,576,002B0011,0,1,1,4294967295,0,1
KTGDoor,1432,576,000B9E04,0,1,1,4294967295,0,1
KTGBonzoCrib,1360,576,0011F1F9,0,1,1,4294967295,0,0
SmoothCamera,48,512,00395B23,0,1,1,4294967295,0,0
playerStart,48,544,003BA35C,0,1,1,4294967295,0,0
KTGDoorText,1056,480,000215A1,0,1,1,4294967295,0,0
SpikeTrigger,784,352,00353D49,0,1,1,4294967295,0,1
DimLights,0,0,0026E5FB,0,1,1,4294967295,0,0
Darkness,0,544,003A0913,0,1,1,4294967295,0,1
KTGDoorDarkness,1088,480,003537F7,0,1,1,4294967295,0,0
block,0,576,00309F9A,0,50,1,4294967295,0,0
block,1600,416,000294AF,0,1,5,4294967295,0,0
block,-32,416,002002CA,0,1,5,4294967295,0,0
