DeviceMiku,690,153,0007A71B,0,1,1,4294967295,0,0
BonzoBG,384,32,00294521,0,1,1,4294967295,0,0
GeezerBlock,0,576,B0C9DB82,0,1,1,4294967295,0,0
GeezerBlock,32,576,F77C1AF9,0,1,1,4294967295,0,0
GeezerBlock,64,576,1CFDF92C,0,1,1,4294967295,0,0
GeezerBlock,96,576,9C4A9C86,0,1,1,4294967295,0,0
GeezerBlock,128,576,490C579E,0,1,1,4294967295,0,0
GeezerBlock,160,576,82AE4C30,0,1,1,4294967295,0,0
GeezerBlock,192,576,FD2DC68F,0,1,1,4294967295,0,0
GeezerBlock,224,576,B25E5307,0,1,1,4294967295,0,0
GeezerBlock,256,576,49B4C02F,0,1,1,4294967295,0,0
GeezerBlock,288,576,96610AE8,0,1,1,4294967295,0,0
GeezerBlock,320,576,66184857,0,1,1,4294967295,0,0
GeezerBlock,352,576,303B2155,0,1,1,4294967295,0,0
GeezerBlock,384,576,257A36EA,0,1,1,4294967295,0,0
GeezerBlock,416,576,70CE38FB,0,1,1,4294967295,0,0
GeezerBlock,448,576,FB701ADF,0,1,1,4294967295,0,0
GeezerBlock,480,576,4DCA637B,0,1,1,4294967295,0,0
GeezerBlock,512,576,25A2F636,0,1,1,4294967295,0,0
GeezerBlock,544,576,C9FAF42D,0,1,1,4294967295,0,0
GeezerBlock,768,576,5D55B65F,0,1,1,4294967295,0,0
GeezerBlock,0,0,9EC0D822,0,1,1,4294967295,0,0
GeezerBlock,32,0,7C34A489,0,1,1,4294967295,0,0
GeezerBlock,64,0,FD688407,0,1,1,4294967295,0,0
GeezerBlock,96,0,A4822915,0,1,1,4294967295,0,0
GeezerBlock,128,0,F8BE2AF4,0,1,1,4294967295,0,0
GeezerBlock,160,0,1090511C,0,1,1,4294967295,0,0
GeezerBlock,192,0,73EE4AE2,0,1,1,4294967295,0,0
GeezerBlock,224,0,0CBD585C,0,1,1,4294967295,0,0
GeezerBlock,256,0,32A4D11F,0,1,1,4294967295,0,0
GeezerBlock,288,0,16C0C5AB,0,1,1,4294967295,0,0
GeezerBlock,320,0,0D58A172,0,1,1,4294967295,0,0
GeezerBlock,352,0,1872B235,0,1,1,4294967295,0,0
GeezerBlock,384,0,B86C8AE8,0,1,1,4294967295,0,0
GeezerBlock,416,0,97B18CA9,0,1,1,4294967295,0,0
GeezerBlock,448,0,CC518F52,0,1,1,4294967295,0,0
GeezerBlock,480,0,957D152E,0,1,1,4294967295,0,0
GeezerBlock,512,0,0D0F0BD4,0,1,1,4294967295,0,0
GeezerBlock,544,0,4C47E0DB,0,1,1,4294967295,0,0
GeezerBlock,576,0,3ED80F06,0,1,1,4294967295,0,0
GeezerBlock,608,0,E0129ECB,0,1,1,4294967295,0,0
GeezerBlock,640,0,FEC63F21,0,1,1,4294967295,0,0
GeezerBlock,672,0,F0DFA66A,0,1,1,4294967295,0,0
GeezerBlock,704,0,29EA5320,0,1,1,4294967295,0,0
GeezerBlock,736,0,6C6F2864,0,1,1,4294967295,0,0
GeezerBlock,768,0,C42B062C,0,1,1,4294967295,0,0
GeezerBlock,768,32,00BF4624,0,1,1,4294967295,0,0
GeezerBlock,768,64,B0C6933D,0,1,1,4294967295,0,0
GeezerBlock,768,96,5A383CA3,0,1,1,4294967295,0,0
GeezerBlock,768,128,12A9890B,0,1,1,4294967295,0,0
GeezerBlock,768,160,EEC2B31A,0,1,1,4294967295,0,0
GeezerBlock,768,192,6D1830A8,0,1,1,4294967295,0,0
GeezerBlock,768,224,900BD0BA,0,1,1,4294967295,0,0
GeezerBlock,768,256,C449B4F3,0,1,1,4294967295,0,0
GeezerBlock,768,288,AB8E80F2,0,1,1,4294967295,0,0
GeezerBlock,768,320,F6708CD7,0,1,1,4294967295,0,0
GeezerBlock,768,352,F5FD8A0C,0,1,1,4294967295,0,0
GeezerBlock,768,384,F106ED25,0,1,1,4294967295,0,0
GeezerBlock,768,416,5B42CEC9,0,1,1,4294967295,0,0
GeezerBlock,768,448,9CCDF42B,0,1,1,4294967295,0,0
GeezerBlock,768,480,33FC7FC2,0,1,1,4294967295,0,0
GeezerBlock,768,512,4B2A3D8D,0,1,1,4294967295,0,0
GeezerBlock,768,544,A6224AFA,0,1,1,4294967295,0,0
GeezerBlock,0,544,5FDBD0F0,0,1,1,4294967295,0,0
GeezerBlock,0,512,0DF3A781,0,1,1,4294967295,0,0
GeezerBlock,0,480,58E4072F,0,1,1,4294967295,0,0
GeezerBlock,0,448,67FCE67B,0,1,1,4294967295,0,0
GeezerBlock,0,416,6C756CFF,0,1,1,4294967295,0,0
GeezerBlock,0,384,A948B8C3,0,1,1,4294967295,0,0
GeezerBlock,0,352,4F4A0409,0,1,1,4294967295,0,0
GeezerBlock,0,320,54B702A5,0,1,1,4294967295,0,0
GeezerBlock,0,288,04249A44,0,1,1,4294967295,0,0
GeezerBlock,0,256,4977D88A,0,1,1,4294967295,0,0
GeezerBlock,0,224,D05E569D,0,1,1,4294967295,0,0
GeezerBlock,0,192,2006D422,0,1,1,4294967295,0,0
GeezerBlock,0,160,7477418B,0,1,1,4294967295,0,0
GeezerBlock,0,128,217E0295,0,1,1,4294967295,0,0
GeezerBlock,0,96,52C65FFB,0,1,1,4294967295,0,0
GeezerBlock,0,64,E7A880C3,0,1,1,4294967295,0,0
GeezerBlock,0,32,D876D5D2,0,1,1,4294967295,0,0
GeezerBlock,224,96,CD59298F,0,1,1,4294967295,0,0
GeezerBlock,192,96,12D40EB8,0,1,1,4294967295,0,0
GeezerBlock,160,96,FF704D94,0,1,1,4294967295,0,0
GeezerBlock,128,96,F23117CB,0,1,1,4294967295,0,0
GeezerBlock,96,96,F55656FE,0,1,1,4294967295,0,0
GeezerBlock,224,192,3B9EB0FD,0,1,1,4294967295,0,0
GeezerBlock,192,192,29BE8D4F,0,1,1,4294967295,0,0
GeezerBlock,160,192,B450B85F,0,1,1,4294967295,0,0
GeezerBlock,128,192,CC029797,0,1,1,4294967295,0,0
GeezerBlock,96,192,AFC7A117,0,1,1,4294967295,0,0
GeezerBlock,224,288,70A486B9,0,1,1,4294967295,0,0
GeezerBlock,192,288,9215C7F9,0,1,1,4294967295,0,0
GeezerBlock,160,288,DE0B22B8,0,1,1,4294967295,0,0
GeezerBlock,128,288,0EC76A29,0,1,1,4294967295,0,0
GeezerBlock,96,288,4AE4D3A4,0,1,1,4294967295,0,0
GeezerBlock,96,384,1398E1A8,0,1,1,4294967295,0,0
GeezerBlock,128,384,D15F430D,0,1,1,4294967295,0,0
GeezerBlock,160,384,0CDE2467,0,1,1,4294967295,0,0
GeezerBlock,192,384,672008CE,0,1,1,4294967295,0,0
GeezerBlock,224,384,518A61A1,0,1,1,4294967295,0,0
GeezerBlock,96,480,F6FD5BCF,0,1,1,4294967295,0,0
GeezerBlock,128,480,01B7C5DD,0,1,1,4294967295,0,0
GeezerBlock,160,480,DF6BBEB2,0,1,1,4294967295,0,0
GeezerBlock,192,480,876621FC,0,1,1,4294967295,0,0
GeezerBlock,224,480,A742C372,0,1,1,4294967295,0,0
GeezerBlock,448,480,44F2A1B9,0,1,1,4294967295,0,0
GeezerBlock,416,480,E8C8A315,0,1,1,4294967295,0,0
GeezerBlock,384,480,734D87C5,0,1,1,4294967295,0,0
GeezerBlock,352,480,BBCF0856,0,1,1,4294967295,0,0
GeezerBlock,320,480,C1DBACCC,0,1,1,4294967295,0,0
GeezerBlock,448,352,5FB98E8A,0,1,1,4294967295,0,0
GeezerBlock,416,352,E4088BCE,0,1,1,4294967295,0,0
GeezerBlock,384,352,3121BFC9,0,1,1,4294967295,0,0
GeezerBlock,352,352,7442763F,0,1,1,4294967295,0,0
GeezerBlock,320,352,4EB15961,0,1,1,4294967295,0,0
GeezerBlock,448,224,6D4BB04B,0,1,1,4294967295,0,0
GeezerBlock,416,224,B15973E3,0,1,1,4294967295,0,0
GeezerBlock,384,224,0C031FCD,0,1,1,4294967295,0,0
GeezerBlock,352,224,E784F644,0,1,1,4294967295,0,0
GeezerBlock,320,224,523F58C5,0,1,1,4294967295,0,0
GeezerBlock,320,96,E275140A,0,1,1,4294967295,0,0
GeezerBlock,352,96,0C503474,0,1,1,4294967295,0,0
GeezerBlock,384,96,06266E8B,0,1,1,4294967295,0,0
GeezerBlock,416,96,FAC7057A,0,1,1,4294967295,0,0
GeezerBlock,448,96,EFC65B3F,0,1,1,4294967295,0,0
GeezerBlock,576,576,001CC813,0,1,1,4294967295,0,0
GeezerBlock,608,576,000E9771,0,1,1,4294967295,0,0
GeezerBlock,640,576,0030BCC0,0,1,1,4294967295,0,0
GeezerBlock,672,576,003D8B88,0,1,1,4294967295,0,0
GeezerBlock,704,576,0030F9BB,0,1,1,4294967295,0,0
GeezerBlock,736,576,00226B49,0,1,1,4294967295,0,0
playerStart,64,544,0022B5E5,0,1,1,4294967295,0,0
Darkness,32,32,00336986,0,1,1,4294967295,0,1
