KTGTileSet,704,2528,0,64,32,32,0,1,1,4294967295
KTGTileSet,704,2496,32,32,32,32,0,1,1,4294967295
KTGTileSet,736,2496,32,96,32,32,0,1,1,4294967295
KTGTileSet,768,2496,32,96,32,32,0,1,1,4294967295
KTGTileSet,800,2496,32,96,32,32,0,1,1,4294967295
KTGTileSet,832,2496,32,96,32,32,0,1,1,4294967295
KTGTileSet,864,2496,32,96,32,32,0,1,1,4294967295
KTGTileSet,864,2464,32,0,32,32,0,1,1,4294967295
KTGTileSet,864,2400,0,64,32,32,0,1,1,4294967295
KTGTileSet,864,2432,0,64,32,32,0,1,1,4294967295
KTGTileSet,736,2528,96,32,32,32,0,1,1,4294967295
KTGTileSet,768,2528,96,32,32,32,0,1,1,4294967295
KTGTileSet,800,2528,96,32,32,32,0,1,1,4294967295
KTGTileSet,832,2528,96,32,32,32,0,1,1,4294967295
KTGTileSet,864,2528,96,32,32,32,0,1,1,4294967295
KTGTileSet,672,2528,0,32,32,32,0,1,1,4294967295
KTGTileSet,0,2528,32,32,32,32,0,1,1,4294967295
KTGTileSet,32,2528,32,96,32,32,0,1,1,4294967295
KTGTileSet,64,2528,32,96,32,32,0,1,1,4294967295
KTGTileSet,96,2528,32,96,32,32,0,1,1,4294967295
KTGTileSet,128,2528,32,96,32,32,0,1,1,4294967295
KTGTileSet,160,2528,32,96,32,32,0,1,1,4294967295
KTGTileSet,192,2528,32,96,32,32,0,1,1,4294967295
KTGTileSet,224,2528,32,96,32,32,0,1,1,4294967295
KTGTileSet,256,2528,32,96,32,32,0,1,1,4294967295
KTGTileSet,288,2528,32,96,32,32,0,1,1,4294967295
KTGTileSet,352,2528,32,96,32,32,0,1,1,4294967295
KTGTileSet,384,2528,32,96,32,32,0,1,1,4294967295
KTGTileSet,416,2528,32,96,32,32,0,1,1,4294967295
KTGTileSet,448,2528,32,96,32,32,0,1,1,4294967295
KTGTileSet,480,2528,32,96,32,32,0,1,1,4294967295
KTGTileSet,512,2528,32,96,32,32,0,1,1,4294967295
KTGTileSet,544,2528,32,96,32,32,0,1,1,4294967295
KTGTileSet,576,2528,32,96,32,32,0,1,1,4294967295
KTGTileSet,608,2528,32,96,32,32,0,1,1,4294967295
KTGTileSet,640,2528,32,96,32,32,0,1,1,4294967295
KTGTileSet,416,2336,32,96,32,32,0,1,1,4294967295
KTGTileSet,384,2336,32,32,32,32,0,1,1,4294967295
KTGTileSet,448,2336,0,32,32,32,0,1,1,4294967295
KTGTileSet,448,2368,0,0,32,32,0,1,1,4294967295
KTGTileSet,384,2368,32,0,32,32,0,1,1,4294967295
KTGTileSet,416,2368,0,96,32,32,0,1,1,4294967295
KTGTileSet,640,1984,32,96,32,32,0,1,1,4294967295
KTGTileSet,672,1984,32,96,32,32,0,1,1,4294967295
KTGTileSet,704,1984,32,96,32,32,0,1,1,4294967295
KTGTileSet,864,1984,32,96,32,32,0,1,1,4294967295
KTGTileSet,832,1984,32,96,32,32,0,1,1,4294967295
KTGTileSet,800,1984,32,96,32,32,0,1,1,4294967295
KTGTileSet,768,1984,32,96,32,32,0,1,1,4294967295
KTGTileSet,736,1984,32,96,32,32,0,1,1,4294967295
KTGTileSet,640,1920,0,64,32,32,0,1,1,4294967295
KTGTileSet,640,1856,0,64,32,32,0,1,1,4294967295
KTGTileSet,640,1824,0,64,32,32,0,1,1,4294967295
KTGTileSet,768,1824,96,32,32,32,0,1,1,4294967295
KTGTileSet,768,1856,96,32,32,32,0,1,1,4294967295
KTGTileSet,768,1888,96,32,32,32,0,1,1,4294967295
KTGTileSet,768,1920,96,32,32,32,0,1,1,4294967295
KTGTileSet,800,1824,96,32,32,32,0,1,1,4294967295
KTGTileSet,864,1856,96,32,32,32,0,1,1,4294967295
KTGTileSet,864,1888,96,32,32,32,0,1,1,4294967295
KTGTileSet,864,1920,96,32,32,32,0,1,1,4294967295
KTGTileSet,832,1920,96,32,32,32,0,1,1,4294967295
KTGTileSet,832,1888,96,32,32,32,0,1,1,4294967295
KTGTileSet,800,1856,96,32,32,32,0,1,1,4294967295
KTGTileSet,864,1824,96,32,32,32,0,1,1,4294967295
KTGTileSet,832,1824,96,32,32,32,0,1,1,4294967295
KTGTileSet,832,1856,96,32,32,32,0,1,1,4294967295
KTGTileSet,800,1920,96,32,32,32,0,1,1,4294967295
KTGTileSet,864,2272,96,32,32,32,0,1,1,4294967295
KTGTileSet,864,2016,96,32,32,32,0,1,1,4294967295
KTGTileSet,832,2016,96,32,32,32,0,1,1,4294967295
KTGTileSet,800,2016,96,32,32,32,0,1,1,4294967295
KTGTileSet,768,2016,96,32,32,32,0,1,1,4294967295
KTGTileSet,704,2016,96,32,32,32,0,1,1,4294967295
KTGTileSet,672,2016,96,32,32,32,0,1,1,4294967295
KTGTileSet,640,2016,96,32,32,32,0,1,1,4294967295
KTGTileSet,640,2048,96,32,32,32,0,1,1,4294967295
KTGTileSet,640,2112,96,32,32,32,0,1,1,4294967295
KTGTileSet,640,2144,96,32,32,32,0,1,1,4294967295
KTGTileSet,640,2176,96,32,32,32,0,1,1,4294967295
KTGTileSet,640,2208,96,32,32,32,0,1,1,4294967295
KTGTileSet,672,2208,96,32,32,32,0,1,1,4294967295
KTGTileSet,672,2240,96,32,32,32,0,1,1,4294967295
KTGTileSet,640,2240,96,32,32,32,0,1,1,4294967295
KTGTileSet,640,2272,96,32,32,32,0,1,1,4294967295
KTGTileSet,672,2272,96,32,32,32,0,1,1,4294967295
KTGTileSet,736,2208,96,32,32,32,0,1,1,4294967295
KTGTileSet,672,2112,96,32,32,32,0,1,1,4294967295
KTGTileSet,640,2080,96,32,32,32,0,1,1,4294967295
KTGTileSet,736,2240,96,32,32,32,0,1,1,4294967295
KTGTileSet,672,2048,96,32,32,32,0,1,1,4294967295
KTGTileSet,704,2048,96,32,32,32,0,1,1,4294967295
KTGTileSet,672,2080,96,32,32,32,0,1,1,4294967295
KTGTileSet,672,2144,96,32,32,32,0,1,1,4294967295
KTGTileSet,672,2176,96,32,32,32,0,1,1,4294967295
KTGTileSet,832,2272,96,32,32,32,0,1,1,4294967295
KTGTileSet,800,2272,96,32,32,32,0,1,1,4294967295
KTGTileSet,768,2272,96,32,32,32,0,1,1,4294967295
KTGTileSet,736,2272,96,32,32,32,0,1,1,4294967295
KTGTileSet,704,2272,96,32,32,32,0,1,1,4294967295
KTGTileSet,704,2240,96,32,32,32,0,1,1,4294967295
KTGTileSet,704,2208,96,32,32,32,0,1,1,4294967295
KTGTileSet,736,2016,96,32,32,32,0,1,1,4294967295
KTGTileSet,736,2048,96,32,32,32,0,1,1,4294967295
KTGTileSet,736,2176,96,32,32,32,0,1,1,4294967295
KTGTileSet,704,2176,96,32,32,32,0,1,1,4294967295
KTGTileSet,704,2080,96,32,32,32,0,1,1,4294967295
KTGTileSet,736,2080,96,32,32,32,0,1,1,4294967295
KTGTileSet,704,2112,96,32,32,32,0,1,1,4294967295
KTGTileSet,704,2144,96,32,32,32,0,1,1,4294967295
KTGTileSet,736,2144,96,32,32,32,0,1,1,4294967295
KTGTileSet,736,2112,96,32,32,32,0,1,1,4294967295
KTGTileSet,768,2048,96,32,32,32,0,1,1,4294967295
KTGTileSet,768,2080,96,32,32,32,0,1,1,4294967295
KTGTileSet,768,2112,96,32,32,32,0,1,1,4294967295
KTGTileSet,768,2144,96,32,32,32,0,1,1,4294967295
KTGTileSet,768,2176,96,32,32,32,0,1,1,4294967295
KTGTileSet,768,2208,96,32,32,32,0,1,1,4294967295
KTGTileSet,768,2240,96,32,32,32,0,1,1,4294967295
KTGTileSet,800,2240,96,32,32,32,0,1,1,4294967295
KTGTileSet,864,2240,96,32,32,32,0,1,1,4294967295
KTGTileSet,864,2208,96,32,32,32,0,1,1,4294967295
KTGTileSet,864,2176,96,32,32,32,0,1,1,4294967295
KTGTileSet,864,2144,96,32,32,32,0,1,1,4294967295
KTGTileSet,864,2112,96,32,32,32,0,1,1,4294967295
KTGTileSet,864,2080,96,32,32,32,0,1,1,4294967295
KTGTileSet,864,2048,96,32,32,32,0,1,1,4294967295
KTGTileSet,832,2048,96,32,32,32,0,1,1,4294967295
KTGTileSet,832,2080,96,32,32,32,0,1,1,4294967295
KTGTileSet,800,2144,96,32,32,32,0,1,1,4294967295
KTGTileSet,832,2176,96,32,32,32,0,1,1,4294967295
KTGTileSet,832,2240,96,32,32,32,0,1,1,4294967295
KTGTileSet,832,2208,96,32,32,32,0,1,1,4294967295
KTGTileSet,832,2144,96,32,32,32,0,1,1,4294967295
KTGTileSet,832,2112,96,32,32,32,0,1,1,4294967295
KTGTileSet,800,2048,96,32,32,32,0,1,1,4294967295
KTGTileSet,800,2080,96,32,32,32,0,1,1,4294967295
KTGTileSet,800,2112,96,32,32,32,0,1,1,4294967295
KTGTileSet,800,2176,96,32,32,32,0,1,1,4294967295
KTGTileSet,800,2208,96,32,32,32,0,1,1,4294967295
KTGTileSet,800,1888,96,32,32,32,0,1,1,4294967295
KTGTileSet,608,1824,0,0,32,32,0,1,1,4294967295
KTGTileSet,544,1824,0,96,32,32,0,1,1,4294967295
KTGTileSet,576,1824,0,96,32,32,0,1,1,4294967295
KTGTileSet,288,1824,0,96,32,32,0,1,1,4294967295
KTGTileSet,256,1824,0,96,32,32,0,1,1,4294967295
KTGTileSet,224,1824,0,96,32,32,0,1,1,4294967295
KTGTileSet,192,1824,0,96,32,32,0,1,1,4294967295
KTGTileSet,160,1824,0,96,32,32,0,1,1,4294967295
KTGTileSet,128,1824,0,96,32,32,0,1,1,4294967295
KTGTileSet,0,1888,32,64,32,32,0,1,1,4294967295
KTGTileSet,0,1920,32,64,32,32,0,1,1,4294967295
KTGTileSet,0,1952,32,64,32,32,0,1,1,4294967295
KTGTileSet,0,1984,32,96,32,32,0,1,1,4294967295
KTGTileSet,32,1984,32,96,32,32,0,1,1,4294967295
KTGTileSet,64,1984,32,96,32,32,0,1,1,4294967295
KTGTileSet,160,1984,32,96,32,32,0,1,1,4294967295
KTGTileSet,128,1984,32,96,32,32,0,1,1,4294967295
KTGTileSet,96,1984,32,96,32,32,0,1,1,4294967295
KTGTileSet,320,1888,0,64,32,32,0,1,1,4294967295
KTGTileSet,320,1920,0,64,32,32,0,1,1,4294967295
KTGTileSet,320,1856,32,32,32,32,0,1,1,4294967295
KTGTileSet,192,2176,64,64,32,32,0,1,1,4294967295
KTGTileSet,192,2272,96,96,32,32,0,1,1,4294967295
KTGTileSet,192,2240,64,0,32,32,0,1,1,4294967295
KTGTileSet,192,2208,64,0,32,32,0,1,1,4294967295
KTGTileSet,192,2016,32,64,32,32,0,1,1,4294967295
KTGTileSet,192,2048,32,64,32,32,0,1,1,4294967295
KTGTileSet,192,2080,32,64,32,32,0,1,1,4294967295
KTGTileSet,192,2112,32,64,32,32,0,1,1,4294967295
KTGTileSet,32,2144,0,96,32,32,0,1,1,4294967295
KTGTileSet,64,2144,0,96,32,32,0,1,1,4294967295
KTGTileSet,96,2144,0,96,32,32,0,1,1,4294967295
KTGTileSet,128,2144,0,96,32,32,0,1,1,4294967295
KTGTileSet,160,2144,0,96,32,32,0,1,1,4294967295
KTGTileSet,192,2144,0,0,32,32,0,1,1,4294967295
KTGTileSet,192,1984,0,32,32,32,0,1,1,4294967295
KTGTileSet,160,2016,96,32,32,32,0,1,1,4294967295
KTGTileSet,64,2016,96,32,32,32,0,1,1,4294967295
KTGTileSet,32,2016,96,32,32,32,0,1,1,4294967295
KTGTileSet,0,2016,96,32,32,32,0,1,1,4294967295
KTGTileSet,0,2048,96,32,32,32,0,1,1,4294967295
KTGTileSet,32,2048,96,32,32,32,0,1,1,4294967295
KTGTileSet,64,2048,96,32,32,32,0,1,1,4294967295
KTGTileSet,96,2016,96,32,32,32,0,1,1,4294967295
KTGTileSet,128,2016,96,32,32,32,0,1,1,4294967295
KTGTileSet,160,2048,96,32,32,32,0,1,1,4294967295
KTGTileSet,128,2048,96,32,32,32,0,1,1,4294967295
KTGTileSet,96,2048,96,32,32,32,0,1,1,4294967295
KTGTileSet,96,2080,96,32,32,32,0,1,1,4294967295
KTGTileSet,0,2080,96,32,32,32,0,1,1,4294967295
KTGTileSet,32,2080,96,32,32,32,0,1,1,4294967295
KTGTileSet,64,2080,96,32,32,32,0,1,1,4294967295
KTGTileSet,128,2080,96,32,32,32,0,1,1,4294967295
KTGTileSet,160,2080,96,32,32,32,0,1,1,4294967295
KTGTileSet,0,2112,96,32,32,32,0,1,1,4294967295
KTGTileSet,32,2112,96,32,32,32,0,1,1,4294967295
KTGTileSet,64,2112,96,32,32,32,0,1,1,4294967295
KTGTileSet,96,2112,96,32,32,32,0,1,1,4294967295
KTGTileSet,128,2112,96,32,32,32,0,1,1,4294967295
KTGTileSet,160,2112,96,32,32,32,0,1,1,4294967295
KTGTileSet,0,2176,0,32,32,32,0,1,1,4294967295
KTGTileSet,0,2496,0,0,32,32,0,1,1,4294967295
KTGTileSet,0,2240,32,64,32,32,0,1,1,4294967295
KTGTileSet,0,2272,32,64,32,32,0,1,1,4294967295
KTGTileSet,0,2304,32,64,32,32,0,1,1,4294967295
KTGTileSet,0,2336,32,64,32,32,0,1,1,4294967295
KTGTileSet,0,2368,32,64,32,32,0,1,1,4294967295
KTGTileSet,0,2400,32,64,32,32,0,1,1,4294967295
KTGTileSet,0,2432,32,64,32,32,0,1,1,4294967295
KTGTileSet,0,2464,32,64,32,32,0,1,1,4294967295
KTGTileSet,640,2304,0,96,32,32,0,1,1,4294967295
KTGTileSet,672,2304,0,96,32,32,0,1,1,4294967295
KTGTileSet,736,2304,0,96,32,32,0,1,1,4294967295
KTGTileSet,768,2304,0,96,32,32,0,1,1,4294967295
KTGTileSet,800,2304,0,96,32,32,0,1,1,4294967295
KTGTileSet,832,2304,0,96,32,32,0,1,1,4294967295
KTGTileSet,864,2304,0,96,32,32,0,1,1,4294967295
KTGTileSet,704,2304,0,96,32,32,0,1,1,4294967295
KTGTileSet,320,2144,32,0,32,32,0,1,1,4294967295
KTGTileSet,384,2144,0,0,32,32,0,1,1,4294967295
KTGTileSet,352,2144,0,96,32,32,0,1,1,4294967295
KTGTileSet,320,1952,0,64,32,32,0,1,1,4294967295
KTGTileSet,320,1984,0,64,32,32,0,1,1,4294967295
KTGTileSet,320,2016,0,64,32,32,0,1,1,4294967295
KTGTileSet,320,2048,0,64,32,32,0,1,1,4294967295
KTGTileSet,320,2080,0,64,32,32,0,1,1,4294967295
KTGTileSet,320,2112,0,64,32,32,0,1,1,4294967295
KTGTileSet,384,2112,32,64,32,32,0,1,1,4294967295
KTGTileSet,384,2080,32,64,32,32,0,1,1,4294967295
KTGTileSet,384,2048,32,64,32,32,0,1,1,4294967295
KTGTileSet,384,2016,32,64,32,32,0,1,1,4294967295
KTGTileSet,384,1984,32,64,32,32,0,1,1,4294967295
KTGTileSet,384,1952,32,64,32,32,0,1,1,4294967295
KTGTileSet,384,1920,32,64,32,32,0,1,1,4294967295
KTGTileSet,384,1888,32,64,32,32,0,1,1,4294967295
KTGTileSet,352,1856,32,96,32,32,0,1,1,4294967295
KTGTileSet,384,1856,0,32,32,32,0,1,1,4294967295
KTGTileSet,352,1888,96,32,32,32,0,1,1,4294967295
KTGTileSet,352,1920,96,32,32,32,0,1,1,4294967295
KTGTileSet,352,1952,96,32,32,32,0,1,1,4294967295
KTGTileSet,352,1984,96,32,32,32,0,1,1,4294967295
KTGTileSet,352,2016,96,32,32,32,0,1,1,4294967295
KTGTileSet,352,2048,96,32,32,32,0,1,1,4294967295
KTGTileSet,352,2080,96,32,32,32,0,1,1,4294967295
KTGTileSet,352,2112,96,32,32,32,0,1,1,4294967295
KTGTileSet,448,1824,0,96,32,32,0,1,1,4294967295
KTGTileSet,480,1824,0,96,32,32,0,1,1,4294967295
KTGTileSet,512,1824,0,96,32,32,0,1,1,4294967295
KTGTileSet,512,2016,0,64,32,32,0,1,1,4294967295
KTGTileSet,512,2048,0,64,32,32,0,1,1,4294967295
KTGTileSet,512,2080,0,64,32,32,0,1,1,4294967295
KTGTileSet,512,2112,0,64,32,32,0,1,1,4294967295
KTGTileSet,512,2144,0,64,32,32,0,1,1,4294967295
KTGTileSet,512,2176,0,64,32,32,0,1,1,4294967295
KTGTileSet,512,2208,0,64,32,32,0,1,1,4294967295
KTGTileSet,512,2240,0,64,32,32,0,1,1,4294967295
KTGTileSet,512,2272,0,64,32,32,0,1,1,4294967295
KTGTileSet,512,2304,32,0,32,32,0,1,1,4294967295
KTGTileSet,512,1984,32,32,32,32,0,1,1,4294967295
KTGTileSet,608,1984,32,96,32,32,0,1,1,4294967295
KTGTileSet,576,1984,32,96,32,32,0,1,1,4294967295
KTGTileSet,544,1984,32,96,32,32,0,1,1,4294967295
KTGTileSet,608,2304,0,96,32,32,0,1,1,4294967295
KTGTileSet,576,2304,0,96,32,32,0,1,1,4294967295
KTGTileSet,544,2304,0,96,32,32,0,1,1,4294967295
KTGTileSet,608,2016,96,32,32,32,0,1,1,4294967295
KTGTileSet,576,2016,96,32,32,32,0,1,1,4294967295
KTGTileSet,544,2016,96,32,32,32,0,1,1,4294967295
KTGTileSet,544,2048,96,32,32,32,0,1,1,4294967295
KTGTileSet,544,2080,96,32,32,32,0,1,1,4294967295
KTGTileSet,544,2112,96,32,32,32,0,1,1,4294967295
KTGTileSet,544,2144,96,32,32,32,0,1,1,4294967295
KTGTileSet,544,2176,96,32,32,32,0,1,1,4294967295
KTGTileSet,544,2208,96,32,32,32,0,1,1,4294967295
KTGTileSet,544,2240,96,32,32,32,0,1,1,4294967295
KTGTileSet,544,2272,96,32,32,32,0,1,1,4294967295
KTGTileSet,576,2272,96,32,32,32,0,1,1,4294967295
KTGTileSet,608,2208,96,32,32,32,0,1,1,4294967295
KTGTileSet,608,2176,96,32,32,32,0,1,1,4294967295
KTGTileSet,608,2144,96,32,32,32,0,1,1,4294967295
KTGTileSet,608,2048,96,32,32,32,0,1,1,4294967295
KTGTileSet,576,2048,96,32,32,32,0,1,1,4294967295
KTGTileSet,576,2080,96,32,32,32,0,1,1,4294967295
KTGTileSet,576,2240,96,32,32,32,0,1,1,4294967295
KTGTileSet,608,2272,96,32,32,32,0,1,1,4294967295
KTGTileSet,608,2240,96,32,32,32,0,1,1,4294967295
KTGTileSet,576,2208,96,32,32,32,0,1,1,4294967295
KTGTileSet,576,2176,96,32,32,32,0,1,1,4294967295
KTGTileSet,576,2144,96,32,32,32,0,1,1,4294967295
KTGTileSet,576,2112,96,32,32,32,0,1,1,4294967295
KTGTileSet,608,2080,96,32,32,32,0,1,1,4294967295
KTGTileSet,608,2112,96,32,32,32,0,1,1,4294967295
KTGTileSet,0,2144,0,96,32,32,0,1,1,4294967295
KTGTileSet,96,2304,96,64,32,32,0,1,1,4294967295
KTGTileSet,864,2336,32,32,32,32,0,1,1,4294967295
KTGTileSet,864,2368,0,64,32,32,0,1,1,4294967295
KTGTileSet,704,2368,96,96,32,32,0,1,1,4294967295
KTGTileSet,704,2336,64,64,32,32,0,1,1,4294967295
KTGTileSet,480,2304,64,96,32,32,0,1,1,4294967295
KTGTileSet,128,2304,64,32,32,32,0,1,1,4294967295
KTGTileSet,160,2304,64,32,32,32,0,1,1,4294967295
KTGTileSet,224,2304,64,32,32,32,0,1,1,4294967295
KTGTileSet,256,2304,64,32,32,32,0,1,1,4294967295
KTGTileSet,288,2304,64,32,32,32,0,1,1,4294967295
KTGTileSet,320,2304,64,32,32,32,0,1,1,4294967295
KTGTileSet,352,2304,64,32,32,32,0,1,1,4294967295
KTGTileSet,384,2304,64,32,32,32,0,1,1,4294967295
KTGTileSet,416,2304,64,32,32,32,0,1,1,4294967295
KTGTileSet,448,2304,64,32,32,32,0,1,1,4294967295
KTGTileSet,192,2304,64,32,32,32,0,1,1,4294967295
KTGTileSet,0,2208,32,64,32,32,0,1,1,4294967295
KTGTileSet,64,1792,32,64,32,32,0,1,1,4294967295
KTGTileSet,64,1824,0,0,32,32,0,1,1,4294967295
KTGTileSet,32,1824,0,96,32,32,0,1,1,4294967295
KTGTileSet,0,1824,0,96,32,32,0,1,1,4294967295
KTGTileSet,288,1792,32,96,32,32,0,1,1,4294967295
KTGTileSet,256,1792,32,96,32,32,0,1,1,4294967295
KTGTileSet,224,1792,32,96,32,32,0,1,1,4294967295
KTGTileSet,192,1792,32,96,32,32,0,1,1,4294967295
KTGTileSet,160,1792,32,96,32,32,0,1,1,4294967295
KTGTileSet,128,1792,32,96,32,32,0,1,1,4294967295
KTGTileSet,96,1792,32,32,32,32,0,1,1,4294967295
KTGTileSet,96,1824,32,0,32,32,0,1,1,4294967295
KTGTileSet,0,1856,0,32,32,32,0,1,1,4294967295
KTGTileSet,640,1952,32,0,32,32,0,1,1,4294967295
KTGTileSet,672,1952,0,96,32,32,0,1,1,4294967295
KTGTileSet,704,1952,0,96,32,32,0,1,1,4294967295
KTGTileSet,736,1952,0,96,32,32,0,1,1,4294967295
KTGTileSet,768,1952,0,96,32,32,0,1,1,4294967295
KTGTileSet,800,1952,0,96,32,32,0,1,1,4294967295
KTGTileSet,832,1952,0,96,32,32,0,1,1,4294967295
KTGTileSet,864,1952,0,96,32,32,0,1,1,4294967295
KTGTileSet,736,1920,96,32,32,32,0,1,1,4294967295
KTGTileSet,704,1920,96,32,32,32,0,1,1,4294967295
KTGTileSet,672,1920,96,32,32,32,0,1,1,4294967295
KTGTileSet,672,1888,96,32,32,32,0,1,1,4294967295
KTGTileSet,672,1856,96,32,32,32,0,1,1,4294967295
KTGTileSet,672,1824,96,32,32,32,0,1,1,4294967295
KTGTileSet,736,1824,96,32,32,32,0,1,1,4294967295
KTGTileSet,736,1856,96,32,32,32,0,1,1,4294967295
KTGTileSet,736,1888,96,32,32,32,0,1,1,4294967295
KTGTileSet,704,1888,96,32,32,32,0,1,1,4294967295
KTGTileSet,704,1856,96,32,32,32,0,1,1,4294967295
KTGTileSet,704,1824,96,32,32,32,0,1,1,4294967295
KTGTileSet,320,1792,0,32,32,32,0,1,1,4294967295
KTGTileSet,320,1824,0,0,32,32,0,1,1,4294967295
KTGTileSet,352,1760,32,32,32,32,0,1,1,4294967295
KTGTileSet,352,1824,32,0,32,32,0,1,1,4294967295
KTGTileSet,352,1792,0,64,32,32,0,1,1,4294967295
KTGTileSet,608,1760,0,32,32,32,0,1,1,4294967295
KTGTileSet,608,1792,32,64,32,32,0,1,1,4294967295
KTGTileSet,576,1760,32,96,32,32,0,1,1,4294967295
KTGTileSet,544,1760,32,96,32,32,0,1,1,4294967295
KTGTileSet,512,1760,32,96,32,32,0,1,1,4294967295
KTGTileSet,480,1760,32,96,32,32,0,1,1,4294967295
KTGTileSet,448,1760,32,96,32,32,0,1,1,4294967295
KTGTileSet,576,1792,96,32,32,32,0,1,1,4294967295
KTGTileSet,544,1792,96,32,32,32,0,1,1,4294967295
KTGTileSet,512,1792,96,32,32,32,0,1,1,4294967295
KTGTileSet,448,1792,96,32,32,32,0,1,1,4294967295
KTGTileSet,480,1792,96,32,32,32,0,1,1,4294967295
KTGTileSet,416,1792,96,32,32,32,0,1,1,4294967295
KTGTileSet,384,1792,96,32,32,32,0,1,1,4294967295
KTGTileSet,416,1760,32,96,32,32,0,1,1,4294967295
KTGTileSet,384,1760,32,96,32,32,0,1,1,4294967295
KTGTileSet,384,1824,0,96,32,32,0,1,1,4294967295
KTGTileSet,416,1824,0,96,32,32,0,1,1,4294967295
KTGTileSet,352,960,32,32,32,32,0,1,1,4294967295
KTGTileSet,384,960,0,32,32,32,0,1,1,4294967295
KTGTileSet,352,992,32,0,32,32,0,1,1,4294967295
KTGTileSet,384,992,0,0,32,32,0,1,1,4294967295
KTGTileSet,416,960,32,32,32,32,0,1,1,4294967295
KTGTileSet,416,1024,32,0,32,32,0,1,1,4294967295
KTGTileSet,416,992,0,64,32,32,0,1,1,4294967295
KTGTileSet,576,992,32,64,32,32,0,1,1,4294967295
KTGTileSet,576,1024,0,0,32,32,0,1,1,4294967295
KTGTileSet,576,960,0,32,32,32,0,1,1,4294967295
KTGTileSet,544,960,32,96,32,32,0,1,1,4294967295
KTGTileSet,512,960,32,96,32,32,0,1,1,4294967295
KTGTileSet,480,960,32,96,32,32,0,1,1,4294967295
KTGTileSet,448,960,32,96,32,32,0,1,1,4294967295
KTGTileSet,448,1024,0,96,32,32,0,1,1,4294967295
KTGTileSet,480,1024,0,96,32,32,0,1,1,4294967295
KTGTileSet,512,1024,0,96,32,32,0,1,1,4294967295
KTGTileSet,544,1024,0,96,32,32,0,1,1,4294967295
KTGTileSet,448,992,96,32,32,32,0,1,1,4294967295
KTGTileSet,480,992,96,32,32,32,0,1,1,4294967295
KTGTileSet,512,992,96,32,32,32,0,1,1,4294967295
KTGTileSet,544,992,96,32,32,32,0,1,1,4294967295
KTGTileSet,352,1632,64,64,32,32,0,1,1,4294967295
KTGTileSet,352,1664,96,96,32,32,0,1,1,4294967295
KTGTileSet,352,1600,32,0,32,32,0,1,1,4294967295
KTGTileSet,384,1568,0,32,32,32,0,1,1,4294967295
KTGTileSet,352,1568,32,32,32,32,0,1,1,4294967295
KTGTileSet,384,1600,0,0,32,32,0,1,1,4294967295
KTGTileSet,416,1568,0,64,32,32,0,1,1,4294967295
KTGTileSet,416,1536,32,32,32,32,0,1,1,4294967295
KTGTileSet,448,1536,32,96,32,32,0,1,1,4294967295
KTGTileSet,480,1536,32,96,32,32,0,1,1,4294967295
KTGTileSet,512,1536,32,96,32,32,0,1,1,4294967295
KTGTileSet,544,1536,32,96,32,32,0,1,1,4294967295
KTGTileSet,480,1568,96,32,32,32,0,1,1,4294967295
KTGTileSet,448,1568,96,32,32,32,0,1,1,4294967295
KTGTileSet,576,1536,0,32,32,32,0,1,1,4294967295
KTGTileSet,416,1600,32,0,32,32,0,1,1,4294967295
KTGTileSet,480,1600,0,96,32,32,0,1,1,4294967295
KTGTileSet,448,1600,0,96,32,32,0,1,1,4294967295
KTGTileSet,544,1504,0,96,32,32,0,1,1,4294967295
KTGTileSet,512,1504,0,96,32,32,0,1,1,4294967295
KTGTileSet,480,1504,0,96,32,32,0,1,1,4294967295
KTGTileSet,448,1504,0,96,32,32,0,1,1,4294967295
KTGTileSet,416,1504,0,96,32,32,0,1,1,4294967295
KTGTileSet,384,1504,0,96,32,32,0,1,1,4294967295
KTGTileSet,576,1504,0,0,32,32,0,1,1,4294967295
KTGTileSet,352,1504,32,0,32,32,0,1,1,4294967295
KTGTileSet,576,1472,32,64,32,32,0,1,1,4294967295
KTGTileSet,576,1440,32,64,32,32,0,1,1,4294967295
KTGTileSet,576,1088,32,64,32,32,0,1,1,4294967295
KTGTileSet,576,1120,32,64,32,32,0,1,1,4294967295
KTGTileSet,576,1152,32,64,32,32,0,1,1,4294967295
KTGTileSet,576,1184,32,64,32,32,0,1,1,4294967295
KTGTileSet,576,1216,32,64,32,32,0,1,1,4294967295
KTGTileSet,576,1248,32,64,32,32,0,1,1,4294967295
KTGTileSet,576,1280,32,64,32,32,0,1,1,4294967295
KTGTileSet,576,1312,32,64,32,32,0,1,1,4294967295
KTGTileSet,576,1344,32,64,32,32,0,1,1,4294967295
KTGTileSet,576,1376,32,64,32,32,0,1,1,4294967295
KTGTileSet,576,1408,32,64,32,32,0,1,1,4294967295
KTGTileSet,352,1472,0,64,32,32,0,1,1,4294967295
KTGTileSet,352,1440,0,64,32,32,0,1,1,4294967295
KTGTileSet,352,1408,0,64,32,32,0,1,1,4294967295
KTGTileSet,352,1376,0,64,32,32,0,1,1,4294967295
KTGTileSet,352,1344,0,64,32,32,0,1,1,4294967295
KTGTileSet,352,1312,0,64,32,32,0,1,1,4294967295
KTGTileSet,352,1280,0,64,32,32,0,1,1,4294967295
KTGTileSet,352,1248,0,64,32,32,0,1,1,4294967295
KTGTileSet,352,1216,0,64,32,32,0,1,1,4294967295
KTGTileSet,352,1184,0,64,32,32,0,1,1,4294967295
KTGTileSet,352,1152,0,64,32,32,0,1,1,4294967295
KTGTileSet,352,1120,0,64,32,32,0,1,1,4294967295
KTGTileSet,352,1088,0,64,32,32,0,1,1,4294967295
KTGTileSet,352,1056,32,32,32,32,0,1,1,4294967295
KTGTileSet,576,1056,0,32,32,32,0,1,1,4294967295
KTGTileSet,384,1056,32,96,32,32,0,1,1,4294967295
KTGTileSet,416,1056,32,96,32,32,0,1,1,4294967295
KTGTileSet,448,1056,32,96,32,32,0,1,1,4294967295
KTGTileSet,480,1056,32,96,32,32,0,1,1,4294967295
KTGTileSet,512,1056,32,96,32,32,0,1,1,4294967295
KTGTileSet,544,1056,32,96,32,32,0,1,1,4294967295
KTGTileSet,384,1088,96,32,32,32,0,1,1,4294967295
KTGTileSet,384,1120,96,32,32,32,0,1,1,4294967295
KTGTileSet,384,1152,96,32,32,32,0,1,1,4294967295
KTGTileSet,384,1184,96,32,32,32,0,1,1,4294967295
KTGTileSet,384,1216,96,32,32,32,0,1,1,4294967295
KTGTileSet,384,1248,96,32,32,32,0,1,1,4294967295
KTGTileSet,384,1280,96,32,32,32,0,1,1,4294967295
KTGTileSet,384,1312,96,32,32,32,0,1,1,4294967295
KTGTileSet,384,1344,96,32,32,32,0,1,1,4294967295
KTGTileSet,384,1376,96,32,32,32,0,1,1,4294967295
KTGTileSet,384,1408,96,32,32,32,0,1,1,4294967295
KTGTileSet,384,1440,96,32,32,32,0,1,1,4294967295
KTGTileSet,384,1472,96,32,32,32,0,1,1,4294967295
KTGTileSet,416,1472,96,32,32,32,0,1,1,4294967295
KTGTileSet,448,1472,96,32,32,32,0,1,1,4294967295
KTGTileSet,480,1472,96,32,32,32,0,1,1,4294967295
KTGTileSet,512,1472,96,32,32,32,0,1,1,4294967295
KTGTileSet,544,1472,96,32,32,32,0,1,1,4294967295
KTGTileSet,544,1440,96,32,32,32,0,1,1,4294967295
KTGTileSet,544,1408,96,32,32,32,0,1,1,4294967295
KTGTileSet,544,1344,96,32,32,32,0,1,1,4294967295
KTGTileSet,544,1216,96,32,32,32,0,1,1,4294967295
KTGTileSet,544,1184,96,32,32,32,0,1,1,4294967295
KTGTileSet,544,1152,96,32,32,32,0,1,1,4294967295
KTGTileSet,544,1120,96,32,32,32,0,1,1,4294967295
KTGTileSet,544,1088,96,32,32,32,0,1,1,4294967295
KTGTileSet,512,1088,96,32,32,32,0,1,1,4294967295
KTGTileSet,480,1088,96,32,32,32,0,1,1,4294967295
KTGTileSet,448,1088,96,32,32,32,0,1,1,4294967295
KTGTileSet,416,1088,96,32,32,32,0,1,1,4294967295
KTGTileSet,416,1120,96,32,32,32,0,1,1,4294967295
KTGTileSet,416,1152,96,32,32,32,0,1,1,4294967295
KTGTileSet,416,1184,96,32,32,32,0,1,1,4294967295
KTGTileSet,416,1216,96,32,32,32,0,1,1,4294967295
KTGTileSet,416,1248,96,32,32,32,0,1,1,4294967295
KTGTileSet,416,1344,96,32,32,32,0,1,1,4294967295
KTGTileSet,416,1376,96,32,32,32,0,1,1,4294967295
KTGTileSet,416,1408,96,32,32,32,0,1,1,4294967295
KTGTileSet,416,1440,96,32,32,32,0,1,1,4294967295
KTGTileSet,480,1440,96,32,32,32,0,1,1,4294967295
KTGTileSet,512,1440,96,32,32,32,0,1,1,4294967295
KTGTileSet,512,1408,96,32,32,32,0,1,1,4294967295
KTGTileSet,512,1376,96,32,32,32,0,1,1,4294967295
KTGTileSet,544,1376,96,32,32,32,0,1,1,4294967295
KTGTileSet,544,1312,96,32,32,32,0,1,1,4294967295
KTGTileSet,544,1280,96,32,32,32,0,1,1,4294967295
KTGTileSet,544,1248,96,32,32,32,0,1,1,4294967295
KTGTileSet,512,1216,96,32,32,32,0,1,1,4294967295
KTGTileSet,512,1184,96,32,32,32,0,1,1,4294967295
KTGTileSet,512,1152,96,32,32,32,0,1,1,4294967295
KTGTileSet,512,1120,96,32,32,32,0,1,1,4294967295
KTGTileSet,448,1120,96,32,32,32,0,1,1,4294967295
KTGTileSet,448,1152,96,32,32,32,0,1,1,4294967295
KTGTileSet,448,1312,96,32,32,32,0,1,1,4294967295
KTGTileSet,448,1344,96,32,32,32,0,1,1,4294967295
KTGTileSet,448,1376,96,32,32,32,0,1,1,4294967295
KTGTileSet,448,1408,96,32,32,32,0,1,1,4294967295
KTGTileSet,448,1440,96,32,32,32,0,1,1,4294967295
KTGTileSet,480,1408,96,32,32,32,0,1,1,4294967295
KTGTileSet,480,1376,96,32,32,32,0,1,1,4294967295
KTGTileSet,480,1344,96,32,32,32,0,1,1,4294967295
KTGTileSet,480,1312,96,32,32,32,0,1,1,4294967295
KTGTileSet,480,1280,96,32,32,32,0,1,1,4294967295
KTGTileSet,480,1184,96,32,32,32,0,1,1,4294967295
KTGTileSet,480,1120,96,32,32,32,0,1,1,4294967295
KTGTileSet,480,1152,96,32,32,32,0,1,1,4294967295
KTGTileSet,512,1248,96,32,32,32,0,1,1,4294967295
KTGTileSet,512,1280,96,32,32,32,0,1,1,4294967295
KTGTileSet,512,1344,96,32,32,32,0,1,1,4294967295
KTGTileSet,512,1312,96,32,32,32,0,1,1,4294967295
KTGTileSet,480,1248,96,32,32,32,0,1,1,4294967295
KTGTileSet,448,1184,96,32,32,32,0,1,1,4294967295
KTGTileSet,448,1280,96,32,32,32,0,1,1,4294967295
KTGTileSet,416,1312,96,32,32,32,0,1,1,4294967295
KTGTileSet,416,1280,96,32,32,32,0,1,1,4294967295
KTGTileSet,480,1216,96,32,32,32,0,1,1,4294967295
KTGTileSet,448,1216,96,32,32,32,0,1,1,4294967295
KTGTileSet,448,1248,96,32,32,32,0,1,1,4294967295
KTGTileSet,640,1760,32,32,32,32,0,1,1,4294967295
KTGTileSet,672,1760,32,96,32,32,0,1,1,4294967295
KTGTileSet,704,1760,32,96,32,32,0,1,1,4294967295
KTGTileSet,736,1760,32,96,32,32,0,1,1,4294967295
KTGTileSet,768,1760,32,96,32,32,0,1,1,4294967295
KTGTileSet,800,1760,32,96,32,32,0,1,1,4294967295
KTGTileSet,832,1760,32,96,32,32,0,1,1,4294967295
KTGTileSet,864,1760,32,96,32,32,0,1,1,4294967295
KTGTileSet,640,1792,0,64,32,32,0,1,1,4294967295
KTGTileSet,672,1792,96,32,32,32,0,1,1,4294967295
KTGTileSet,704,1792,96,32,32,32,0,1,1,4294967295
KTGTileSet,736,1792,96,32,32,32,0,1,1,4294967295
KTGTileSet,768,1792,96,32,32,32,0,1,1,4294967295
KTGTileSet,800,1792,96,32,32,32,0,1,1,4294967295
KTGTileSet,832,1792,96,32,32,32,0,1,1,4294967295
KTGTileSet,864,1792,96,32,32,32,0,1,1,4294967295
KTGTileSet,640,1728,0,96,32,32,0,1,1,4294967295
KTGTileSet,672,1728,0,96,32,32,0,1,1,4294967295
KTGTileSet,704,1728,0,96,32,32,0,1,1,4294967295
KTGTileSet,736,1728,0,96,32,32,0,1,1,4294967295
KTGTileSet,768,1728,0,96,32,32,0,1,1,4294967295
KTGTileSet,800,1728,0,96,32,32,0,1,1,4294967295
KTGTileSet,832,1728,0,96,32,32,0,1,1,4294967295
KTGTileSet,864,1728,0,96,32,32,0,1,1,4294967295
KTGTileSet,608,1728,32,0,32,32,0,1,1,4294967295
KTGTileSet,608,1696,0,64,32,32,0,1,1,4294967295
KTGTileSet,608,1664,0,64,32,32,0,1,1,4294967295
KTGTileSet,608,1632,0,64,32,32,0,1,1,4294967295
KTGTileSet,608,1600,0,64,32,32,0,1,1,4294967295
KTGTileSet,608,1568,0,64,32,32,0,1,1,4294967295
KTGTileSet,608,1536,0,64,32,32,0,1,1,4294967295
KTGTileSet,608,1504,0,64,32,32,0,1,1,4294967295
KTGTileSet,608,1472,0,64,32,32,0,1,1,4294967295
KTGTileSet,608,1440,0,64,32,32,0,1,1,4294967295
KTGTileSet,608,1408,0,64,32,32,0,1,1,4294967295
KTGTileSet,608,1376,0,64,32,32,0,1,1,4294967295
KTGTileSet,608,1344,0,64,32,32,0,1,1,4294967295
KTGTileSet,608,1312,0,64,32,32,0,1,1,4294967295
KTGTileSet,608,1280,0,64,32,32,0,1,1,4294967295
KTGTileSet,608,1248,0,64,32,32,0,1,1,4294967295
KTGTileSet,608,1216,0,64,32,32,0,1,1,4294967295
KTGTileSet,608,1184,0,64,32,32,0,1,1,4294967295
KTGTileSet,608,1152,0,64,32,32,0,1,1,4294967295
KTGTileSet,608,1120,0,64,32,32,0,1,1,4294967295
KTGTileSet,608,1088,0,64,32,32,0,1,1,4294967295
KTGTileSet,608,1056,0,64,32,32,0,1,1,4294967295
KTGTileSet,608,1024,0,64,32,32,0,1,1,4294967295
KTGTileSet,608,992,0,64,32,32,0,1,1,4294967295
KTGTileSet,608,960,32,32,32,32,0,1,1,4294967295
KTGTileSet,640,960,32,96,32,32,0,1,1,4294967295
KTGTileSet,672,960,32,96,32,32,0,1,1,4294967295
KTGTileSet,704,960,32,96,32,32,0,1,1,4294967295
KTGTileSet,736,960,32,96,32,32,0,1,1,4294967295
KTGTileSet,768,960,32,96,32,32,0,1,1,4294967295
KTGTileSet,832,960,32,96,32,32,0,1,1,4294967295
KTGTileSet,864,960,32,96,32,32,0,1,1,4294967295
KTGTileSet,800,960,32,96,32,32,0,1,1,4294967295
KTGTileSet,736,992,96,32,32,32,0,1,1,4294967295
KTGTileSet,800,992,96,32,32,32,0,1,1,4294967295
KTGTileSet,864,992,96,32,32,32,0,1,1,4294967295
KTGTileSet,832,992,96,32,32,32,0,1,1,4294967295
KTGTileSet,768,992,96,32,32,32,0,1,1,4294967295
KTGTileSet,704,992,96,32,32,32,0,1,1,4294967295
KTGTileSet,672,992,96,32,32,32,0,1,1,4294967295
KTGTileSet,640,992,96,32,32,32,0,1,1,4294967295
KTGTileSet,640,1024,96,32,32,32,0,1,1,4294967295
KTGTileSet,640,1056,96,32,32,32,0,1,1,4294967295
KTGTileSet,640,1088,96,32,32,32,0,1,1,4294967295
KTGTileSet,640,1120,96,32,32,32,0,1,1,4294967295
KTGTileSet,640,1152,96,32,32,32,0,1,1,4294967295
KTGTileSet,672,1248,96,32,32,32,0,1,1,4294967295
KTGTileSet,640,1280,96,32,32,32,0,1,1,4294967295
KTGTileSet,640,1344,96,32,32,32,0,1,1,4294967295
KTGTileSet,864,1696,96,32,32,32,0,1,1,4294967295
KTGTileSet,832,1696,96,32,32,32,0,1,1,4294967295
KTGTileSet,800,1696,96,32,32,32,0,1,1,4294967295
KTGTileSet,768,1696,96,32,32,32,0,1,1,4294967295
KTGTileSet,736,1696,96,32,32,32,0,1,1,4294967295
KTGTileSet,704,1696,96,32,32,32,0,1,1,4294967295
KTGTileSet,672,1696,96,32,32,32,0,1,1,4294967295
KTGTileSet,640,1696,96,32,32,32,0,1,1,4294967295
KTGTileSet,640,1664,96,32,32,32,0,1,1,4294967295
KTGTileSet,640,1632,96,32,32,32,0,1,1,4294967295
KTGTileSet,640,1600,96,32,32,32,0,1,1,4294967295
KTGTileSet,640,1568,96,32,32,32,0,1,1,4294967295
KTGTileSet,640,1536,96,32,32,32,0,1,1,4294967295
KTGTileSet,640,1504,96,32,32,32,0,1,1,4294967295
KTGTileSet,640,1472,96,32,32,32,0,1,1,4294967295
KTGTileSet,640,1440,96,32,32,32,0,1,1,4294967295
KTGTileSet,640,1408,96,32,32,32,0,1,1,4294967295
KTGTileSet,640,1376,96,32,32,32,0,1,1,4294967295
KTGTileSet,640,1312,96,32,32,32,0,1,1,4294967295
KTGTileSet,640,1248,96,32,32,32,0,1,1,4294967295
KTGTileSet,640,1216,96,32,32,32,0,1,1,4294967295
KTGTileSet,640,1184,96,32,32,32,0,1,1,4294967295
KTGTileSet,672,1024,96,32,32,32,0,1,1,4294967295
KTGTileSet,704,1024,96,32,32,32,0,1,1,4294967295
KTGTileSet,736,1024,96,32,32,32,0,1,1,4294967295
KTGTileSet,864,1024,96,32,32,32,0,1,1,4294967295
KTGTileSet,832,1024,96,32,32,32,0,1,1,4294967295
KTGTileSet,800,1024,96,32,32,32,0,1,1,4294967295
KTGTileSet,768,1024,96,32,32,32,0,1,1,4294967295
KTGTileSet,704,1056,96,32,32,32,0,1,1,4294967295
KTGTileSet,672,1056,96,32,32,32,0,1,1,4294967295
KTGTileSet,672,1088,96,32,32,32,0,1,1,4294967295
KTGTileSet,672,1120,96,32,32,32,0,1,1,4294967295
KTGTileSet,672,1152,96,32,32,32,0,1,1,4294967295
KTGTileSet,672,1184,96,32,32,32,0,1,1,4294967295
KTGTileSet,672,1216,96,32,32,32,0,1,1,4294967295
KTGTileSet,672,1344,96,32,32,32,0,1,1,4294967295
KTGTileSet,672,1376,96,32,32,32,0,1,1,4294967295
KTGTileSet,672,1472,96,32,32,32,0,1,1,4294967295
KTGTileSet,672,1504,96,32,32,32,0,1,1,4294967295
KTGTileSet,672,1536,96,32,32,32,0,1,1,4294967295
KTGTileSet,672,1568,96,32,32,32,0,1,1,4294967295
KTGTileSet,672,1600,96,32,32,32,0,1,1,4294967295
KTGTileSet,672,1632,96,32,32,32,0,1,1,4294967295
KTGTileSet,672,1664,96,32,32,32,0,1,1,4294967295
KTGTileSet,704,1664,96,32,32,32,0,1,1,4294967295
KTGTileSet,736,1664,96,32,32,32,0,1,1,4294967295
KTGTileSet,768,1664,96,32,32,32,0,1,1,4294967295
KTGTileSet,800,1664,96,32,32,32,0,1,1,4294967295
KTGTileSet,832,1664,96,32,32,32,0,1,1,4294967295
KTGTileSet,864,1664,96,32,32,32,0,1,1,4294967295
KTGTileSet,864,1632,96,32,32,32,0,1,1,4294967295
KTGTileSet,832,1632,96,32,32,32,0,1,1,4294967295
KTGTileSet,800,1632,96,32,32,32,0,1,1,4294967295
KTGTileSet,768,1632,96,32,32,32,0,1,1,4294967295
KTGTileSet,736,1632,96,32,32,32,0,1,1,4294967295
KTGTileSet,704,1632,96,32,32,32,0,1,1,4294967295
KTGTileSet,704,1600,96,32,32,32,0,1,1,4294967295
KTGTileSet,704,1568,96,32,32,32,0,1,1,4294967295
KTGTileSet,704,1472,96,32,32,32,0,1,1,4294967295
KTGTileSet,704,1376,96,32,32,32,0,1,1,4294967295
KTGTileSet,704,1344,96,32,32,32,0,1,1,4294967295
KTGTileSet,704,1312,96,32,32,32,0,1,1,4294967295
KTGTileSet,704,1280,96,32,32,32,0,1,1,4294967295
KTGTileSet,704,1248,96,32,32,32,0,1,1,4294967295
KTGTileSet,704,1152,96,32,32,32,0,1,1,4294967295
KTGTileSet,704,1120,96,32,32,32,0,1,1,4294967295
KTGTileSet,704,1088,96,32,32,32,0,1,1,4294967295
KTGTileSet,736,1088,96,32,32,32,0,1,1,4294967295
KTGTileSet,736,1056,96,32,32,32,0,1,1,4294967295
KTGTileSet,768,1056,96,32,32,32,0,1,1,4294967295
KTGTileSet,800,1056,96,32,32,32,0,1,1,4294967295
KTGTileSet,832,1056,96,32,32,32,0,1,1,4294967295
KTGTileSet,864,1056,96,32,32,32,0,1,1,4294967295
KTGTileSet,864,1088,96,32,32,32,0,1,1,4294967295
KTGTileSet,864,1120,96,32,32,32,0,1,1,4294967295
KTGTileSet,864,1152,96,32,32,32,0,1,1,4294967295
KTGTileSet,864,1184,96,32,32,32,0,1,1,4294967295
KTGTileSet,864,1216,96,32,32,32,0,1,1,4294967295
KTGTileSet,864,1248,96,32,32,32,0,1,1,4294967295
KTGTileSet,864,1280,96,32,32,32,0,1,1,4294967295
KTGTileSet,864,1312,96,32,32,32,0,1,1,4294967295
KTGTileSet,864,1344,96,32,32,32,0,1,1,4294967295
KTGTileSet,864,1376,96,32,32,32,0,1,1,4294967295
KTGTileSet,864,1408,96,32,32,32,0,1,1,4294967295
KTGTileSet,864,1440,96,32,32,32,0,1,1,4294967295
KTGTileSet,864,1472,96,32,32,32,0,1,1,4294967295
KTGTileSet,864,1504,96,32,32,32,0,1,1,4294967295
KTGTileSet,864,1536,96,32,32,32,0,1,1,4294967295
KTGTileSet,864,1568,96,32,32,32,0,1,1,4294967295
KTGTileSet,864,1600,96,32,32,32,0,1,1,4294967295
KTGTileSet,832,1600,96,32,32,32,0,1,1,4294967295
KTGTileSet,832,1568,96,32,32,32,0,1,1,4294967295
KTGTileSet,832,1536,96,32,32,32,0,1,1,4294967295
KTGTileSet,832,1504,96,32,32,32,0,1,1,4294967295
KTGTileSet,832,1472,96,32,32,32,0,1,1,4294967295
KTGTileSet,832,1440,96,32,32,32,0,1,1,4294967295
KTGTileSet,832,1408,96,32,32,32,0,1,1,4294967295
KTGTileSet,832,1376,96,32,32,32,0,1,1,4294967295
KTGTileSet,832,1344,96,32,32,32,0,1,1,4294967295
KTGTileSet,832,1312,96,32,32,32,0,1,1,4294967295
KTGTileSet,832,1280,96,32,32,32,0,1,1,4294967295
KTGTileSet,832,1248,96,32,32,32,0,1,1,4294967295
KTGTileSet,832,1216,96,32,32,32,0,1,1,4294967295
KTGTileSet,832,1184,96,32,32,32,0,1,1,4294967295
KTGTileSet,832,1152,96,32,32,32,0,1,1,4294967295
KTGTileSet,832,1120,96,32,32,32,0,1,1,4294967295
KTGTileSet,832,1088,96,32,32,32,0,1,1,4294967295
KTGTileSet,800,1088,96,32,32,32,0,1,1,4294967295
KTGTileSet,800,1152,96,32,32,32,0,1,1,4294967295
KTGTileSet,800,1376,96,32,32,32,0,1,1,4294967295
KTGTileSet,800,1408,96,32,32,32,0,1,1,4294967295
KTGTileSet,800,1440,96,32,32,32,0,1,1,4294967295
KTGTileSet,800,1472,96,32,32,32,0,1,1,4294967295
KTGTileSet,800,1504,96,32,32,32,0,1,1,4294967295
KTGTileSet,800,1536,96,32,32,32,0,1,1,4294967295
KTGTileSet,800,1568,96,32,32,32,0,1,1,4294967295
KTGTileSet,800,1600,96,32,32,32,0,1,1,4294967295
KTGTileSet,768,1600,96,32,32,32,0,1,1,4294967295
KTGTileSet,768,1568,96,32,32,32,0,1,1,4294967295
KTGTileSet,768,1536,96,32,32,32,0,1,1,4294967295
KTGTileSet,768,1504,96,32,32,32,0,1,1,4294967295
KTGTileSet,768,1472,96,32,32,32,0,1,1,4294967295
KTGTileSet,768,1440,96,32,32,32,0,1,1,4294967295
KTGTileSet,768,1408,96,32,32,32,0,1,1,4294967295
KTGTileSet,768,1376,96,32,32,32,0,1,1,4294967295
KTGTileSet,768,1344,96,32,32,32,0,1,1,4294967295
KTGTileSet,768,1312,96,32,32,32,0,1,1,4294967295
KTGTileSet,768,1280,96,32,32,32,0,1,1,4294967295
KTGTileSet,768,1120,96,32,32,32,0,1,1,4294967295
KTGTileSet,768,1088,96,32,32,32,0,1,1,4294967295
KTGTileSet,800,1120,96,32,32,32,0,1,1,4294967295
KTGTileSet,800,1248,96,32,32,32,0,1,1,4294967295
KTGTileSet,800,1280,96,32,32,32,0,1,1,4294967295
KTGTileSet,800,1344,96,32,32,32,0,1,1,4294967295
KTGTileSet,800,1312,96,32,32,32,0,1,1,4294967295
KTGTileSet,800,1184,96,32,32,32,0,1,1,4294967295
KTGTileSet,768,1216,96,32,32,32,0,1,1,4294967295
KTGTileSet,800,1216,96,32,32,32,0,1,1,4294967295
KTGTileSet,768,1184,96,32,32,32,0,1,1,4294967295
KTGTileSet,768,1152,96,32,32,32,0,1,1,4294967295
KTGTileSet,736,1120,96,32,32,32,0,1,1,4294967295
KTGTileSet,736,1152,96,32,32,32,0,1,1,4294967295
KTGTileSet,736,1184,96,32,32,32,0,1,1,4294967295
KTGTileSet,736,1216,96,32,32,32,0,1,1,4294967295
KTGTileSet,736,1280,96,32,32,32,0,1,1,4294967295
KTGTileSet,736,1312,96,32,32,32,0,1,1,4294967295
KTGTileSet,736,1344,96,32,32,32,0,1,1,4294967295
KTGTileSet,736,1376,96,32,32,32,0,1,1,4294967295
KTGTileSet,736,1408,96,32,32,32,0,1,1,4294967295
KTGTileSet,736,1440,96,32,32,32,0,1,1,4294967295
KTGTileSet,736,1472,96,32,32,32,0,1,1,4294967295
KTGTileSet,736,1504,96,32,32,32,0,1,1,4294967295
KTGTileSet,736,1536,96,32,32,32,0,1,1,4294967295
KTGTileSet,736,1600,96,32,32,32,0,1,1,4294967295
KTGTileSet,736,1568,96,32,32,32,0,1,1,4294967295
KTGTileSet,704,1536,96,32,32,32,0,1,1,4294967295
KTGTileSet,704,1504,96,32,32,32,0,1,1,4294967295
KTGTileSet,704,1408,96,32,32,32,0,1,1,4294967295
KTGTileSet,704,1440,96,32,32,32,0,1,1,4294967295
KTGTileSet,672,1440,96,32,32,32,0,1,1,4294967295
KTGTileSet,672,1408,96,32,32,32,0,1,1,4294967295
KTGTileSet,672,1312,96,32,32,32,0,1,1,4294967295
KTGTileSet,672,1280,96,32,32,32,0,1,1,4294967295
KTGTileSet,736,1248,96,32,32,32,0,1,1,4294967295
KTGTileSet,768,1248,96,32,32,32,0,1,1,4294967295
KTGTileSet,704,1216,96,32,32,32,0,1,1,4294967295
KTGTileSet,704,1184,96,32,32,32,0,1,1,4294967295
KTGTileSet,736,896,0,64,32,32,0,1,1,4294967295
KTGTileSet,736,864,0,64,32,32,0,1,1,4294967295
KTGTileSet,736,832,0,64,32,32,0,1,1,4294967295
KTGTileSet,736,800,0,64,32,32,0,1,1,4294967295
KTGTileSet,736,768,0,64,32,32,0,1,1,4294967295
KTGTileSet,736,736,0,64,32,32,0,1,1,4294967295
KTGTileSet,736,704,0,64,32,32,0,1,1,4294967295
KTGTileSet,768,704,96,32,32,32,0,1,1,4294967295
KTGTileSet,768,736,96,32,32,32,0,1,1,4294967295
KTGTileSet,768,768,96,32,32,32,0,1,1,4294967295
KTGTileSet,768,800,96,32,32,32,0,1,1,4294967295
KTGTileSet,768,832,96,32,32,32,0,1,1,4294967295
KTGTileSet,768,864,96,32,32,32,0,1,1,4294967295
KTGTileSet,768,896,96,32,32,32,0,1,1,4294967295
KTGTileSet,864,864,96,32,32,32,0,1,1,4294967295
KTGTileSet,832,864,96,32,32,32,0,1,1,4294967295
KTGTileSet,800,832,96,32,32,32,0,1,1,4294967295
KTGTileSet,800,768,96,32,32,32,0,1,1,4294967295
KTGTileSet,800,704,96,32,32,32,0,1,1,4294967295
KTGTileSet,832,704,96,32,32,32,0,1,1,4294967295
KTGTileSet,864,704,96,32,32,32,0,1,1,4294967295
KTGTileSet,832,736,96,32,32,32,0,1,1,4294967295
KTGTileSet,800,736,96,32,32,32,0,1,1,4294967295
KTGTileSet,800,800,96,32,32,32,0,1,1,4294967295
KTGTileSet,800,864,96,32,32,32,0,1,1,4294967295
KTGTileSet,800,896,96,32,32,32,0,1,1,4294967295
KTGTileSet,832,896,96,32,32,32,0,1,1,4294967295
KTGTileSet,864,896,96,32,32,32,0,1,1,4294967295
KTGTileSet,864,832,96,32,32,32,0,1,1,4294967295
KTGTileSet,864,800,96,32,32,32,0,1,1,4294967295
KTGTileSet,864,736,96,32,32,32,0,1,1,4294967295
KTGTileSet,864,768,96,32,32,32,0,1,1,4294967295
KTGTileSet,832,768,96,32,32,32,0,1,1,4294967295
KTGTileSet,832,800,96,32,32,32,0,1,1,4294967295
KTGTileSet,832,832,96,32,32,32,0,1,1,4294967295
KTGTileSet,736,928,32,0,32,32,0,1,1,4294967295
KTGTileSet,768,928,0,96,32,32,0,1,1,4294967295
KTGTileSet,800,928,0,96,32,32,0,1,1,4294967295
KTGTileSet,832,928,0,96,32,32,0,1,1,4294967295
KTGTileSet,864,928,0,96,32,32,0,1,1,4294967295
KTGTileSet,32,1280,32,96,32,32,0,1,1,4294967295
KTGTileSet,0,1280,32,96,32,32,0,1,1,4294967295
KTGTileSet,64,1280,0,32,32,32,0,1,1,4294967295
KTGTileSet,64,1312,32,64,32,32,0,1,1,4294967295
KTGTileSet,64,1344,32,64,32,32,0,1,1,4294967295
KTGTileSet,64,1376,32,64,32,32,0,1,1,4294967295
KTGTileSet,64,1408,32,64,32,32,0,1,1,4294967295
KTGTileSet,64,1440,32,64,32,32,0,1,1,4294967295
KTGTileSet,64,1472,32,64,32,32,0,1,1,4294967295
KTGTileSet,64,1504,32,64,32,32,0,1,1,4294967295
KTGTileSet,64,1536,32,64,32,32,0,1,1,4294967295
KTGTileSet,64,1568,32,64,32,32,0,1,1,4294967295
KTGTileSet,64,1600,32,64,32,32,0,1,1,4294967295
KTGTileSet,64,1632,32,64,32,32,0,1,1,4294967295
KTGTileSet,64,1664,32,64,32,32,0,1,1,4294967295
KTGTileSet,64,1696,32,64,32,32,0,1,1,4294967295
KTGTileSet,64,1728,32,64,32,32,0,1,1,4294967295
KTGTileSet,64,1760,32,64,32,32,0,1,1,4294967295
KTGTileSet,32,1312,96,32,32,32,0,1,1,4294967295
KTGTileSet,0,1312,96,32,32,32,0,1,1,4294967295
KTGTileSet,0,1344,96,32,32,32,0,1,1,4294967295
KTGTileSet,0,1632,96,32,32,32,0,1,1,4294967295
KTGTileSet,0,1664,96,32,32,32,0,1,1,4294967295
KTGTileSet,0,1696,96,32,32,32,0,1,1,4294967295
KTGTileSet,0,1728,96,32,32,32,0,1,1,4294967295
KTGTileSet,0,1760,96,32,32,32,0,1,1,4294967295
KTGTileSet,0,1792,96,32,32,32,0,1,1,4294967295
KTGTileSet,32,1792,96,32,32,32,0,1,1,4294967295
KTGTileSet,32,1760,96,32,32,32,0,1,1,4294967295
KTGTileSet,32,1632,96,32,32,32,0,1,1,4294967295
KTGTileSet,32,1600,96,32,32,32,0,1,1,4294967295
KTGTileSet,32,1568,96,32,32,32,0,1,1,4294967295
KTGTileSet,32,1536,96,32,32,32,0,1,1,4294967295
KTGTileSet,32,1504,96,32,32,32,0,1,1,4294967295
KTGTileSet,32,1472,96,32,32,32,0,1,1,4294967295
KTGTileSet,32,1440,96,32,32,32,0,1,1,4294967295
KTGTileSet,32,1408,96,32,32,32,0,1,1,4294967295
KTGTileSet,32,1376,96,32,32,32,0,1,1,4294967295
KTGTileSet,32,1344,96,32,32,32,0,1,1,4294967295
KTGTileSet,0,1376,96,32,32,32,0,1,1,4294967295
KTGTileSet,0,1408,96,32,32,32,0,1,1,4294967295
KTGTileSet,0,1440,96,32,32,32,0,1,1,4294967295
KTGTileSet,0,1472,96,32,32,32,0,1,1,4294967295
KTGTileSet,0,1536,96,32,32,32,0,1,1,4294967295
KTGTileSet,0,1568,96,32,32,32,0,1,1,4294967295
KTGTileSet,32,1664,96,32,32,32,0,1,1,4294967295
KTGTileSet,32,1728,96,32,32,32,0,1,1,4294967295
KTGTileSet,32,1696,96,32,32,32,0,1,1,4294967295
KTGTileSet,0,1600,96,32,32,32,0,1,1,4294967295
KTGTileSet,0,1504,96,32,32,32,0,1,1,4294967295
KTGTileSet,0,1216,32,64,32,32,0,1,1,4294967295
KTGTileSet,0,1184,32,64,32,32,0,1,1,4294967295
KTGTileSet,0,1152,32,64,32,32,0,1,1,4294967295
KTGTileSet,0,1120,32,64,32,32,0,1,1,4294967295
KTGTileSet,0,1088,32,64,32,32,0,1,1,4294967295
KTGTileSet,0,1056,32,64,32,32,0,1,1,4294967295
KTGTileSet,0,1024,32,64,32,32,0,1,1,4294967295
KTGTileSet,0,992,32,64,32,32,0,1,1,4294967295
KTGTileSet,0,960,32,64,32,32,0,1,1,4294967295
KTGTileSet,0,928,32,64,32,32,0,1,1,4294967295
KTGTileSet,0,896,32,64,32,32,0,1,1,4294967295
KTGTileSet,0,864,32,64,32,32,0,1,1,4294967295
KTGTileSet,0,832,32,64,32,32,0,1,1,4294967295
KTGTileSet,0,800,32,64,32,32,0,1,1,4294967295
KTGTileSet,0,768,0,32,32,32,0,1,1,4294967295
KTGTileSet,0,1248,0,0,32,32,0,1,1,4294967295
KTGTileSet,32,800,32,32,32,32,0,1,1,4294967295
KTGTileSet,64,800,0,32,32,32,0,1,1,4294967295
KTGTileSet,64,832,32,64,32,32,0,1,1,4294967295
KTGTileSet,64,864,32,64,32,32,0,1,1,4294967295
KTGTileSet,64,896,32,64,32,32,0,1,1,4294967295
KTGTileSet,64,928,32,64,32,32,0,1,1,4294967295
KTGTileSet,64,960,32,64,32,32,0,1,1,4294967295
KTGTileSet,64,992,32,64,32,32,0,1,1,4294967295
KTGTileSet,64,1024,32,64,32,32,0,1,1,4294967295
KTGTileSet,64,1184,32,64,32,32,0,1,1,4294967295
KTGTileSet,64,1152,32,64,32,32,0,1,1,4294967295
KTGTileSet,64,1120,32,64,32,32,0,1,1,4294967295
KTGTileSet,64,1088,32,64,32,32,0,1,1,4294967295
KTGTileSet,64,1056,32,64,32,32,0,1,1,4294967295
KTGTileSet,64,1216,0,0,32,32,0,1,1,4294967295
KTGTileSet,32,1216,32,0,32,32,0,1,1,4294967295
KTGTileSet,32,832,0,64,32,32,0,1,1,4294967295
KTGTileSet,32,864,0,64,32,32,0,1,1,4294967295
KTGTileSet,32,896,0,64,32,32,0,1,1,4294967295
KTGTileSet,32,928,0,64,32,32,0,1,1,4294967295
KTGTileSet,32,960,0,64,32,32,0,1,1,4294967295
KTGTileSet,32,992,0,64,32,32,0,1,1,4294967295
KTGTileSet,32,1024,0,64,32,32,0,1,1,4294967295
KTGTileSet,32,1056,0,64,32,32,0,1,1,4294967295
KTGTileSet,32,1088,0,64,32,32,0,1,1,4294967295
KTGTileSet,32,1184,0,64,32,32,0,1,1,4294967295
KTGTileSet,32,1152,0,64,32,32,0,1,1,4294967295
KTGTileSet,32,1120,0,64,32,32,0,1,1,4294967295
KTGTileSet,64,736,0,0,32,32,0,1,1,4294967295
KTGTileSet,32,736,0,96,32,32,0,1,1,4294967295
KTGTileSet,0,736,0,96,32,32,0,1,1,4294967295
KTGTileSet,64,704,32,64,32,32,0,1,1,4294967295
KTGTileSet,32,704,96,32,32,32,0,1,1,4294967295
KTGTileSet,0,704,96,32,32,32,0,1,1,4294967295
KTGTileSet,96,704,32,0,32,32,0,1,1,4294967295
KTGTileSet,704,704,0,0,32,32,0,1,1,4294967295
KTGTileSet,128,704,0,96,32,32,0,1,1,4294967295
KTGTileSet,160,704,0,96,32,32,0,1,1,4294967295
KTGTileSet,192,704,0,96,32,32,0,1,1,4294967295
KTGTileSet,224,704,0,96,32,32,0,1,1,4294967295
KTGTileSet,320,704,0,96,32,32,0,1,1,4294967295
KTGTileSet,352,704,0,96,32,32,0,1,1,4294967295
KTGTileSet,384,704,0,96,32,32,0,1,1,4294967295
KTGTileSet,416,704,0,96,32,32,0,1,1,4294967295
KTGTileSet,448,704,0,96,32,32,0,1,1,4294967295
KTGTileSet,480,704,0,96,32,32,0,1,1,4294967295
KTGTileSet,512,704,0,96,32,32,0,1,1,4294967295
KTGTileSet,544,704,0,96,32,32,0,1,1,4294967295
KTGTileSet,576,704,0,96,32,32,0,1,1,4294967295
KTGTileSet,608,704,0,96,32,32,0,1,1,4294967295
KTGTileSet,640,704,0,96,32,32,0,1,1,4294967295
KTGTileSet,672,704,0,96,32,32,0,1,1,4294967295
KTGTileSet,64,640,32,64,32,32,0,1,1,4294967295
KTGTileSet,64,608,32,64,32,32,0,1,1,4294967295
KTGTileSet,64,672,32,64,32,32,0,1,1,4294967295
KTGTileSet,32,672,96,32,32,32,0,1,1,4294967295
KTGTileSet,0,608,96,32,32,32,0,1,1,4294967295
KTGTileSet,32,608,96,32,32,32,0,1,1,4294967295
KTGTileSet,32,640,96,32,32,32,0,1,1,4294967295
KTGTileSet,0,640,96,32,32,32,0,1,1,4294967295
KTGTileSet,0,672,96,32,32,32,0,1,1,4294967295
KTGTileSet,32,576,32,96,32,32,0,1,1,4294967295
KTGTileSet,0,576,32,96,32,32,0,1,1,4294967295
KTGTileSet,64,576,0,32,32,32,0,1,1,4294967295
KTGTileSet,256,672,32,64,32,32,0,1,1,4294967295
KTGTileSet,256,704,0,0,32,32,0,1,1,4294967295
KTGTileSet,96,640,32,32,32,32,0,1,1,4294967295
KTGTileSet,96,672,0,64,32,32,0,1,1,4294967295
KTGTileSet,128,640,32,96,32,32,0,1,1,4294967295
KTGTileSet,160,640,32,96,32,32,0,1,1,4294967295
KTGTileSet,192,640,32,96,32,32,0,1,1,4294967295
KTGTileSet,224,640,32,96,32,32,0,1,1,4294967295
KTGTileSet,128,672,96,32,32,32,0,1,1,4294967295
KTGTileSet,160,672,96,32,32,32,0,1,1,4294967295
KTGTileSet,192,672,96,32,32,32,0,1,1,4294967295
KTGTileSet,224,672,96,32,32,32,0,1,1,4294967295
KTGTileSet,160,576,64,64,32,32,0,1,1,4294967295
KTGTileSet,256,576,64,64,32,32,0,1,1,4294967295
KTGTileSet,160,608,96,96,32,32,0,1,1,4294967295
KTGTileSet,256,608,96,96,32,32,0,1,1,4294967295
KTGTileSet,288,704,32,0,32,32,0,1,1,4294967295
KTGTileSet,704,608,0,32,32,32,0,1,1,4294967295
KTGTileSet,288,608,32,32,32,32,0,1,1,4294967295
KTGTileSet,288,640,0,64,32,32,0,1,1,4294967295
KTGTileSet,288,672,0,64,32,32,0,1,1,4294967295
KTGTileSet,704,640,32,64,32,32,0,1,1,4294967295
KTGTileSet,704,672,32,64,32,32,0,1,1,4294967295
KTGTileSet,320,608,32,96,32,32,0,1,1,4294967295
KTGTileSet,352,608,32,96,32,32,0,1,1,4294967295
KTGTileSet,384,608,32,96,32,32,0,1,1,4294967295
KTGTileSet,416,608,32,96,32,32,0,1,1,4294967295
KTGTileSet,448,608,32,96,32,32,0,1,1,4294967295
KTGTileSet,480,608,32,96,32,32,0,1,1,4294967295
KTGTileSet,512,608,32,96,32,32,0,1,1,4294967295
KTGTileSet,544,608,32,96,32,32,0,1,1,4294967295
KTGTileSet,576,608,32,96,32,32,0,1,1,4294967295
KTGTileSet,608,608,32,96,32,32,0,1,1,4294967295
KTGTileSet,640,608,32,96,32,32,0,1,1,4294967295
KTGTileSet,672,608,32,96,32,32,0,1,1,4294967295
KTGTileSet,416,672,96,32,32,32,0,1,1,4294967295
KTGTileSet,448,672,96,32,32,32,0,1,1,4294967295
KTGTileSet,544,672,96,32,32,32,0,1,1,4294967295
KTGTileSet,576,672,96,32,32,32,0,1,1,4294967295
KTGTileSet,608,672,96,32,32,32,0,1,1,4294967295
KTGTileSet,640,672,96,32,32,32,0,1,1,4294967295
KTGTileSet,672,672,96,32,32,32,0,1,1,4294967295
KTGTileSet,672,640,96,32,32,32,0,1,1,4294967295
KTGTileSet,640,640,96,32,32,32,0,1,1,4294967295
KTGTileSet,608,640,96,32,32,32,0,1,1,4294967295
KTGTileSet,576,640,96,32,32,32,0,1,1,4294967295
KTGTileSet,544,640,96,32,32,32,0,1,1,4294967295
KTGTileSet,512,640,96,32,32,32,0,1,1,4294967295
KTGTileSet,480,640,96,32,32,32,0,1,1,4294967295
KTGTileSet,448,640,96,32,32,32,0,1,1,4294967295
KTGTileSet,416,640,96,32,32,32,0,1,1,4294967295
KTGTileSet,384,640,96,32,32,32,0,1,1,4294967295
KTGTileSet,352,640,96,32,32,32,0,1,1,4294967295
KTGTileSet,320,640,96,32,32,32,0,1,1,4294967295
KTGTileSet,320,672,96,32,32,32,0,1,1,4294967295
KTGTileSet,352,672,96,32,32,32,0,1,1,4294967295
KTGTileSet,384,672,96,32,32,32,0,1,1,4294967295
KTGTileSet,480,672,96,32,32,32,0,1,1,4294967295
KTGTileSet,512,672,96,32,32,32,0,1,1,4294967295
KTGTileSet,384,480,64,64,32,32,0,1,1,4294967295
KTGTileSet,384,544,96,96,32,32,0,1,1,4294967295
KTGTileSet,384,512,64,0,32,32,0,1,1,4294967295
KTGTileSet,448,448,64,96,32,32,0,1,1,4294967295
KTGTileSet,384,448,96,64,32,32,0,1,1,4294967295
KTGTileSet,416,448,64,32,32,32,0,1,1,4294967295
KTGTileSet,480,320,96,0,32,32,0,1,1,4294967295
KTGTileSet,608,384,32,64,32,32,0,1,1,4294967295
KTGTileSet,608,416,32,64,32,32,0,1,1,4294967295
KTGTileSet,576,352,32,96,32,32,0,1,1,4294967295
KTGTileSet,544,352,32,96,32,32,0,1,1,4294967295
KTGTileSet,512,352,32,96,32,32,0,1,1,4294967295
KTGTileSet,608,352,0,32,32,32,0,1,1,4294967295
KTGTileSet,480,448,32,0,32,32,0,1,1,4294967295
KTGTileSet,480,352,32,32,32,32,0,1,1,4294967295
KTGTileSet,608,448,0,0,32,32,0,1,1,4294967295
KTGTileSet,480,384,0,64,32,32,0,1,1,4294967295
KTGTileSet,480,416,0,64,32,32,0,1,1,4294967295
KTGTileSet,512,448,0,96,32,32,0,1,1,4294967295
KTGTileSet,544,448,0,96,32,32,0,1,1,4294967295
KTGTileSet,576,448,0,96,32,32,0,1,1,4294967295
KTGTileSet,512,384,96,32,32,32,0,1,1,4294967295
KTGTileSet,512,416,96,32,32,32,0,1,1,4294967295
KTGTileSet,544,416,96,32,32,32,0,1,1,4294967295
KTGTileSet,544,384,96,32,32,32,0,1,1,4294967295
KTGTileSet,576,384,96,32,32,32,0,1,1,4294967295
KTGTileSet,576,416,96,32,32,32,0,1,1,4294967295
KTGTileSet,256,448,64,64,32,32,0,1,1,4294967295
KTGTileSet,256,512,96,96,32,32,0,1,1,4294967295
KTGTileSet,256,480,64,0,32,32,0,1,1,4294967295
KTGTileSet,0,544,96,0,32,32,0,1,1,4294967295
KTGTileSet,0,416,32,32,32,32,0,1,1,4294967295
KTGTileSet,0,512,32,0,32,32,0,1,1,4294967295
KTGTileSet,224,416,0,32,32,32,0,1,1,4294967295
KTGTileSet,224,512,0,0,32,32,0,1,1,4294967295
KTGTileSet,32,512,0,96,32,32,0,1,1,4294967295
KTGTileSet,64,512,0,96,32,32,0,1,1,4294967295
KTGTileSet,96,512,0,96,32,32,0,1,1,4294967295
KTGTileSet,128,512,0,96,32,32,0,1,1,4294967295
KTGTileSet,160,512,0,96,32,32,0,1,1,4294967295
KTGTileSet,192,512,0,96,32,32,0,1,1,4294967295
KTGTileSet,32,416,32,96,32,32,0,1,1,4294967295
KTGTileSet,64,416,32,96,32,32,0,1,1,4294967295
KTGTileSet,96,416,32,96,32,32,0,1,1,4294967295
KTGTileSet,128,416,32,96,32,32,0,1,1,4294967295
KTGTileSet,160,416,32,96,32,32,0,1,1,4294967295
KTGTileSet,192,416,32,96,32,32,0,1,1,4294967295
KTGTileSet,224,448,32,64,32,32,0,1,1,4294967295
KTGTileSet,224,480,32,64,32,32,0,1,1,4294967295
KTGTileSet,0,448,0,64,32,32,0,1,1,4294967295
KTGTileSet,0,480,0,64,32,32,0,1,1,4294967295
KTGTileSet,32,448,96,32,32,32,0,1,1,4294967295
KTGTileSet,64,448,96,32,32,32,0,1,1,4294967295
KTGTileSet,96,448,96,32,32,32,0,1,1,4294967295
KTGTileSet,128,448,96,32,32,32,0,1,1,4294967295
KTGTileSet,160,448,96,32,32,32,0,1,1,4294967295
KTGTileSet,192,448,96,32,32,32,0,1,1,4294967295
KTGTileSet,192,480,96,32,32,32,0,1,1,4294967295
KTGTileSet,160,480,96,32,32,32,0,1,1,4294967295
KTGTileSet,128,480,96,32,32,32,0,1,1,4294967295
KTGTileSet,96,480,96,32,32,32,0,1,1,4294967295
KTGTileSet,64,480,96,32,32,32,0,1,1,4294967295
KTGTileSet,32,480,96,32,32,32,0,1,1,4294967295
KTGTileSet,0,384,96,0,32,32,0,1,1,4294967295
KTGTileSet,224,192,32,64,32,32,0,1,1,4294967295
KTGTileSet,224,224,32,64,32,32,0,1,1,4294967295
KTGTileSet,224,256,32,64,32,32,0,1,1,4294967295
KTGTileSet,224,288,32,64,32,32,0,1,1,4294967295
KTGTileSet,224,320,32,64,32,32,0,1,1,4294967295
KTGTileSet,224,352,32,64,32,32,0,1,1,4294967295
KTGTileSet,192,352,0,64,32,32,0,1,1,4294967295
KTGTileSet,192,320,0,64,32,32,0,1,1,4294967295
KTGTileSet,192,288,0,64,32,32,0,1,1,4294967295
KTGTileSet,192,256,0,64,32,32,0,1,1,4294967295
KTGTileSet,192,224,0,64,32,32,0,1,1,4294967295
KTGTileSet,192,192,0,64,32,32,0,1,1,4294967295
KTGTileSet,224,160,0,32,32,32,0,1,1,4294967295
KTGTileSet,192,160,32,32,32,32,0,1,1,4294967295
KTGTileSet,224,384,0,0,32,32,0,1,1,4294967295
KTGTileSet,192,384,32,0,32,32,0,1,1,4294967295
KTGTileSet,128,288,32,96,32,32,0,1,1,4294967295
KTGTileSet,96,288,32,96,32,32,0,1,1,4294967295
KTGTileSet,64,288,32,96,32,32,0,1,1,4294967295
KTGTileSet,32,288,32,96,32,32,0,1,1,4294967295
KTGTileSet,0,288,32,96,32,32,0,1,1,4294967295
KTGTileSet,0,352,0,96,32,32,0,1,1,4294967295
KTGTileSet,32,352,0,96,32,32,0,1,1,4294967295
KTGTileSet,64,352,0,96,32,32,0,1,1,4294967295
KTGTileSet,96,352,0,96,32,32,0,1,1,4294967295
KTGTileSet,128,352,0,96,32,32,0,1,1,4294967295
KTGTileSet,160,288,0,32,32,32,0,1,1,4294967295
KTGTileSet,160,352,0,0,32,32,0,1,1,4294967295
KTGTileSet,160,320,32,64,32,32,0,1,1,4294967295
KTGTileSet,128,320,96,32,32,32,0,1,1,4294967295
KTGTileSet,96,320,96,32,32,32,0,1,1,4294967295
KTGTileSet,64,320,96,32,32,32,0,1,1,4294967295
KTGTileSet,32,320,96,32,32,32,0,1,1,4294967295
KTGTileSet,0,320,96,32,32,32,0,1,1,4294967295
KTGTileSet,0,256,0,0,32,32,0,1,1,4294967295
KTGTileSet,0,224,32,64,32,32,0,1,1,4294967295
KTGTileSet,0,192,32,64,32,32,0,1,1,4294967295
KTGTileSet,0,160,32,64,32,32,0,1,1,4294967295
KTGTileSet,0,128,32,64,32,32,0,1,1,4294967295
KTGTileSet,0,96,32,64,32,32,0,1,1,4294967295
KTGTileSet,0,64,32,64,32,32,0,1,1,4294967295
KTGTileSet,0,32,32,64,32,32,0,1,1,4294967295
KTGTileSet,0,0,32,64,32,32,0,1,1,4294967295
KTGTileSet,192,32,32,64,32,32,0,1,1,4294967295
KTGTileSet,192,0,32,64,32,32,0,1,1,4294967295
KTGTileSet,32,0,0,64,32,32,0,1,1,4294967295
KTGTileSet,32,32,0,64,32,32,0,1,1,4294967295
KTGTileSet,32,64,32,0,32,32,0,1,1,4294967295
KTGTileSet,192,64,0,0,32,32,0,1,1,4294967295
KTGTileSet,64,64,0,96,32,32,0,1,1,4294967295
KTGTileSet,96,64,0,96,32,32,0,1,1,4294967295
KTGTileSet,128,64,0,96,32,32,0,1,1,4294967295
KTGTileSet,160,64,0,96,32,32,0,1,1,4294967295
KTGTileSet,64,0,96,32,32,32,0,1,1,4294967295
KTGTileSet,64,32,96,32,32,32,0,1,1,4294967295
KTGTileSet,96,32,96,32,32,32,0,1,1,4294967295
KTGTileSet,128,32,96,32,32,32,0,1,1,4294967295
KTGTileSet,160,32,96,32,32,32,0,1,1,4294967295
KTGTileSet,160,0,96,32,32,32,0,1,1,4294967295
KTGTileSet,128,0,96,32,32,32,0,1,1,4294967295
KTGTileSet,96,0,96,32,32,32,0,1,1,4294967295
KTGTileSet,384,320,64,96,32,32,0,1,1,4294967295
KTGTileSet,256,320,96,64,32,32,0,1,1,4294967295
KTGTileSet,320,320,64,32,32,32,0,1,1,4294967295
KTGTileSet,352,320,64,32,32,32,0,1,1,4294967295
KTGTileSet,288,320,64,32,32,32,0,1,1,4294967295
KTGTileSet,256,288,96,0,32,32,0,1,1,4294967295
KTGTileSet,384,256,64,96,32,32,0,1,1,4294967295
KTGTileSet,352,256,64,32,32,32,0,1,1,4294967295
KTGTileSet,320,256,64,32,32,32,0,1,1,4294967295
KTGTileSet,288,256,64,32,32,32,0,1,1,4294967295
KTGTileSet,256,256,96,64,32,32,0,1,1,4294967295
KTGTileSet,384,192,32,64,32,32,0,1,1,4294967295
KTGTileSet,256,192,0,64,32,32,0,1,1,4294967295
KTGTileSet,288,160,32,96,32,32,0,1,1,4294967295
KTGTileSet,320,160,32,96,32,32,0,1,1,4294967295
KTGTileSet,352,160,32,96,32,32,0,1,1,4294967295
KTGTileSet,288,224,0,96,32,32,0,1,1,4294967295
KTGTileSet,320,224,0,96,32,32,0,1,1,4294967295
KTGTileSet,352,224,0,96,32,32,0,1,1,4294967295
KTGTileSet,352,192,96,32,32,32,0,1,1,4294967295
KTGTileSet,320,192,96,32,32,32,0,1,1,4294967295
KTGTileSet,288,192,96,32,32,32,0,1,1,4294967295
KTGTileSet,384,224,0,0,32,32,0,1,1,4294967295
KTGTileSet,256,224,32,0,32,32,0,1,1,4294967295
KTGTileSet,384,160,0,32,32,32,0,1,1,4294967295
KTGTileSet,256,160,32,32,32,32,0,1,1,4294967295
KTGTileSet,480,160,64,96,32,32,0,1,1,4294967295
KTGTileSet,416,160,96,64,32,32,0,1,1,4294967295
KTGTileSet,448,160,64,32,32,32,0,1,1,4294967295
KTGTileSet,512,96,32,32,32,32,0,1,1,4294967295
KTGTileSet,512,160,32,0,32,32,0,1,1,4294967295
KTGTileSet,576,160,0,0,32,32,0,1,1,4294967295
KTGTileSet,576,96,0,32,32,32,0,1,1,4294967295
KTGTileSet,576,128,32,64,32,32,0,1,1,4294967295
KTGTileSet,512,128,0,64,32,32,0,1,1,4294967295
KTGTileSet,544,128,96,32,32,32,0,1,1,4294967295
KTGTileSet,544,96,32,96,32,32,0,1,1,4294967295
KTGTileSet,544,160,0,96,32,32,0,1,1,4294967295
KTGTileSet,416,32,64,64,32,32,0,1,1,4294967295
KTGTileSet,416,64,96,96,32,32,0,1,1,4294967295
KTGTileSet,224,0,32,0,32,32,0,1,1,4294967295
KTGTileSet,256,0,0,96,32,32,0,1,1,4294967295
KTGTileSet,288,0,0,96,32,32,0,1,1,4294967295
KTGTileSet,320,0,0,96,32,32,0,1,1,4294967295
KTGTileSet,352,0,0,96,32,32,0,1,1,4294967295
KTGTileSet,384,0,0,96,32,32,0,1,1,4294967295
KTGTileSet,416,0,0,96,32,32,0,1,1,4294967295
KTGTileSet,448,0,0,96,32,32,0,1,1,4294967295
KTGTileSet,480,0,0,96,32,32,0,1,1,4294967295
KTGTileSet,512,0,0,96,32,32,0,1,1,4294967295
KTGTileSet,544,0,0,96,32,32,0,1,1,4294967295
KTGTileSet,576,0,0,96,32,32,0,1,1,4294967295
KTGTileSet,608,0,0,96,32,32,0,1,1,4294967295
KTGTileSet,640,0,0,96,32,32,0,1,1,4294967295
KTGTileSet,672,0,0,96,32,32,0,1,1,4294967295
KTGTileSet,672,576,0,96,32,32,0,1,1,4294967295
KTGTileSet,640,576,32,0,32,32,0,1,1,4294967295
KTGTileSet,704,352,0,32,32,32,0,1,1,4294967295
KTGTileSet,704,576,0,0,32,32,0,1,1,4294967295
KTGTileSet,704,384,32,64,32,32,0,1,1,4294967295
KTGTileSet,704,416,32,64,32,32,0,1,1,4294967295
KTGTileSet,704,448,32,64,32,32,0,1,1,4294967295
KTGTileSet,704,480,32,64,32,32,0,1,1,4294967295
KTGTileSet,704,512,32,64,32,32,0,1,1,4294967295
KTGTileSet,704,544,32,64,32,32,0,1,1,4294967295
KTGTileSet,640,544,0,64,32,32,0,1,1,4294967295
KTGTileSet,640,512,0,64,32,32,0,1,1,4294967295
KTGTileSet,640,480,0,64,32,32,0,1,1,4294967295
KTGTileSet,640,448,0,64,32,32,0,1,1,4294967295
KTGTileSet,640,416,0,64,32,32,0,1,1,4294967295
KTGTileSet,640,384,0,64,32,32,0,1,1,4294967295
KTGTileSet,672,384,96,32,32,32,0,1,1,4294967295
KTGTileSet,672,416,96,32,32,32,0,1,1,4294967295
KTGTileSet,672,448,96,32,32,32,0,1,1,4294967295
KTGTileSet,672,480,96,32,32,32,0,1,1,4294967295
KTGTileSet,672,512,96,32,32,32,0,1,1,4294967295
KTGTileSet,672,544,96,32,32,32,0,1,1,4294967295
KTGTileSet,640,352,32,32,32,32,0,1,1,4294967295
KTGTileSet,672,352,32,96,32,32,0,1,1,4294967295
KTGTileSet,736,0,0,64,32,32,0,1,1,4294967295
KTGTileSet,736,32,0,64,32,32,0,1,1,4294967295
KTGTileSet,736,64,0,64,32,32,0,1,1,4294967295
KTGTileSet,736,96,0,64,32,32,0,1,1,4294967295
KTGTileSet,736,128,0,64,32,32,0,1,1,4294967295
KTGTileSet,736,160,0,64,32,32,0,1,1,4294967295
KTGTileSet,736,192,0,64,32,32,0,1,1,4294967295
KTGTileSet,736,224,0,64,32,32,0,1,1,4294967295
KTGTileSet,736,256,0,64,32,32,0,1,1,4294967295
KTGTileSet,736,288,0,64,32,32,0,1,1,4294967295
KTGTileSet,736,320,0,64,32,32,0,1,1,4294967295
KTGTileSet,736,352,0,64,32,32,0,1,1,4294967295
KTGTileSet,736,384,0,64,32,32,0,1,1,4294967295
KTGTileSet,736,416,0,64,32,32,0,1,1,4294967295
KTGTileSet,736,448,0,64,32,32,0,1,1,4294967295
KTGTileSet,736,480,0,64,32,32,0,1,1,4294967295
KTGTileSet,736,512,0,64,32,32,0,1,1,4294967295
KTGTileSet,736,608,0,64,32,32,0,1,1,4294967295
KTGTileSet,736,672,0,64,32,32,0,1,1,4294967295
KTGTileSet,736,640,0,64,32,32,0,1,1,4294967295
KTGTileSet,736,576,0,64,32,32,0,1,1,4294967295
KTGTileSet,736,544,0,64,32,32,0,1,1,4294967295
KTGTileSet,704,0,0,0,32,32,0,1,1,4294967295
KTGTileSet,768,672,96,32,32,32,0,1,1,4294967295
KTGTileSet,768,640,96,32,32,32,0,1,1,4294967295
KTGTileSet,768,608,96,32,32,32,0,1,1,4294967295
KTGTileSet,800,512,96,32,32,32,0,1,1,4294967295
KTGTileSet,800,480,96,32,32,32,0,1,1,4294967295
KTGTileSet,800,448,96,32,32,32,0,1,1,4294967295
KTGTileSet,800,416,96,32,32,32,0,1,1,4294967295
KTGTileSet,768,288,96,32,32,32,0,1,1,4294967295
KTGTileSet,768,256,96,32,32,32,0,1,1,4294967295
KTGTileSet,768,160,96,32,32,32,0,1,1,4294967295
KTGTileSet,768,128,96,32,32,32,0,1,1,4294967295
KTGTileSet,768,96,96,32,32,32,0,1,1,4294967295
KTGTileSet,768,64,96,32,32,32,0,1,1,4294967295
KTGTileSet,768,32,96,32,32,32,0,1,1,4294967295
KTGTileSet,768,0,96,32,32,32,0,1,1,4294967295
KTGTileSet,800,0,96,32,32,32,0,1,1,4294967295
KTGTileSet,832,0,96,32,32,32,0,1,1,4294967295
KTGTileSet,864,64,96,32,32,32,0,1,1,4294967295
KTGTileSet,864,128,96,32,32,32,0,1,1,4294967295
KTGTileSet,864,288,96,32,32,32,0,1,1,4294967295
KTGTileSet,864,320,96,32,32,32,0,1,1,4294967295
KTGTileSet,864,640,96,32,32,32,0,1,1,4294967295
KTGTileSet,864,672,96,32,32,32,0,1,1,4294967295
KTGTileSet,832,672,96,32,32,32,0,1,1,4294967295
KTGTileSet,832,640,96,32,32,32,0,1,1,4294967295
KTGTileSet,800,640,96,32,32,32,0,1,1,4294967295
KTGTileSet,800,608,96,32,32,32,0,1,1,4294967295
KTGTileSet,800,576,96,32,32,32,0,1,1,4294967295
KTGTileSet,800,544,96,32,32,32,0,1,1,4294967295
KTGTileSet,800,672,96,32,32,32,0,1,1,4294967295
KTGTileSet,768,576,96,32,32,32,0,1,1,4294967295
KTGTileSet,768,544,96,32,32,32,0,1,1,4294967295
KTGTileSet,768,512,96,32,32,32,0,1,1,4294967295
KTGTileSet,768,480,96,32,32,32,0,1,1,4294967295
KTGTileSet,768,448,96,32,32,32,0,1,1,4294967295
KTGTileSet,768,416,96,32,32,32,0,1,1,4294967295
KTGTileSet,768,384,96,32,32,32,0,1,1,4294967295
KTGTileSet,800,384,96,32,32,32,0,1,1,4294967295
KTGTileSet,800,352,96,32,32,32,0,1,1,4294967295
KTGTileSet,832,384,96,32,32,32,0,1,1,4294967295
KTGTileSet,832,416,96,32,32,32,0,1,1,4294967295
KTGTileSet,832,448,96,32,32,32,0,1,1,4294967295
KTGTileSet,832,480,96,32,32,32,0,1,1,4294967295
KTGTileSet,832,512,96,32,32,32,0,1,1,4294967295
KTGTileSet,832,544,96,32,32,32,0,1,1,4294967295
KTGTileSet,832,576,96,32,32,32,0,1,1,4294967295
KTGTileSet,832,608,96,32,32,32,0,1,1,4294967295
KTGTileSet,864,608,96,32,32,32,0,1,1,4294967295
KTGTileSet,864,576,96,32,32,32,0,1,1,4294967295
KTGTileSet,864,544,96,32,32,32,0,1,1,4294967295
KTGTileSet,864,512,96,32,32,32,0,1,1,4294967295
KTGTileSet,864,480,96,32,32,32,0,1,1,4294967295
KTGTileSet,864,448,96,32,32,32,0,1,1,4294967295
KTGTileSet,864,416,96,32,32,32,0,1,1,4294967295
KTGTileSet,864,384,96,32,32,32,0,1,1,4294967295
KTGTileSet,864,352,96,32,32,32,0,1,1,4294967295
KTGTileSet,864,0,96,32,32,32,0,1,1,4294967295
KTGTileSet,864,32,96,32,32,32,0,1,1,4294967295
KTGTileSet,864,96,96,32,32,32,0,1,1,4294967295
KTGTileSet,864,160,96,32,32,32,0,1,1,4294967295
KTGTileSet,864,192,96,32,32,32,0,1,1,4294967295
KTGTileSet,864,224,96,32,32,32,0,1,1,4294967295
KTGTileSet,864,256,96,32,32,32,0,1,1,4294967295
KTGTileSet,832,288,96,32,32,32,0,1,1,4294967295
KTGTileSet,832,352,96,32,32,32,0,1,1,4294967295
KTGTileSet,832,320,96,32,32,32,0,1,1,4294967295
KTGTileSet,832,256,96,32,32,32,0,1,1,4294967295
KTGTileSet,832,224,96,32,32,32,0,1,1,4294967295
KTGTileSet,832,160,96,32,32,32,0,1,1,4294967295
KTGTileSet,832,128,96,32,32,32,0,1,1,4294967295
KTGTileSet,832,96,96,32,32,32,0,1,1,4294967295
KTGTileSet,832,64,96,32,32,32,0,1,1,4294967295
KTGTileSet,832,32,96,32,32,32,0,1,1,4294967295
KTGTileSet,800,32,96,32,32,32,0,1,1,4294967295
KTGTileSet,800,64,96,32,32,32,0,1,1,4294967295
KTGTileSet,800,96,96,32,32,32,0,1,1,4294967295
KTGTileSet,800,128,96,32,32,32,0,1,1,4294967295
KTGTileSet,800,256,96,32,32,32,0,1,1,4294967295
KTGTileSet,800,288,96,32,32,32,0,1,1,4294967295
KTGTileSet,768,352,96,32,32,32,0,1,1,4294967295
KTGTileSet,768,320,96,32,32,32,0,1,1,4294967295
KTGTileSet,800,320,96,32,32,32,0,1,1,4294967295
KTGTileSet,800,224,96,32,32,32,0,1,1,4294967295
KTGTileSet,768,192,96,32,32,32,0,1,1,4294967295
KTGTileSet,800,160,96,32,32,32,0,1,1,4294967295
KTGTileSet,832,192,96,32,32,32,0,1,1,4294967295
KTGTileSet,800,192,96,32,32,32,0,1,1,4294967295
KTGTileSet,768,224,96,32,32,32,0,1,1,4294967295
KTGTileSet,576,1600,0,0,32,32,0,1,1,4294967295
KTGTileSet,512,1600,0,96,32,32,0,1,1,4294967295
KTGTileSet,544,1600,0,96,32,32,0,1,1,4294967295
KTGTileSet,512,1568,96,32,32,32,0,1,1,4294967295
KTGTileSet,544,1568,96,32,32,32,0,1,1,4294967295
KTGTileSet,576,1568,32,64,32,32,0,1,1,4294967295
KTGTileSet,256,640,0,32,32,32,0,1,1,4294967295
