spikeUp,672,2496,00262385,0,1,1,4294967295,0,0
spikeUp,640,2496,002E8E6F,0,1,1,4294967295,0,0
spikeUp,608,2496,003CCE68,0,1,1,4294967295,0,0
spikeUp,576,2496,001B479F,0,1,1,4294967295,0,0
spikeUp,544,2496,002627D0,0,1,1,4294967295,0,0
spikeUp,512,2496,000D7BC9,0,1,1,4294967295,0,0
spikeUp,480,2496,0034809C,0,1,1,4294967295,0,0
spikeUp,448,2496,0006EBB7,0,1,1,4294967295,0,0
spikeUp,416,2496,000DFA44,0,1,1,4294967295,0,0
spikeUp,384,2496,000B316B,0,1,1,4294967295,0,0
spikeUp,352,2496,0039F932,0,1,1,4294967295,0,0
spikeUp,288,2496,00029306,0,1,1,4294967295,0,0
spikeUp,256,2496,00178058,0,1,1,4294967295,0,0
spikeUp,224,2496,0006DF40,0,1,1,4294967295,0,0
spikeUp,192,2496,00152C38,0,1,1,4294967295,0,0
spikeUp,160,2496,0000E779,0,1,1,4294967295,0,0
spikeUp,128,2496,0020DC40,0,1,1,4294967295,0,0
spikeUp,64,2496,002B7904,0,1,1,4294967295,0,0
spikeUp,96,2496,002D2BBF,0,1,1,4294967295,0,0
spikeUp,64,2496,0007065D,0,1,1,4294967295,0,0
spikeUp,32,2496,0007493B,0,1,1,4294967295,0,0
spikeUp,224,2272,000F0EB2,0,1,1,4294967295,0,0
spikeUp,352,2272,00344BD8,0,1,1,4294967295,0,0
spikeUp,320,2272,000C77AD,0,1,1,4294967295,0,0
spikeUp,256,2272,00344001,0,1,1,4294967295,0,0
spikeUp,288,2272,000EF3D3,0,1,1,4294967295,0,0
spikeUp,96,1760,003A8390,0,1,1,4294967295,0,0
spikeUp,128,1760,000D2D1D,0,1,1,4294967295,0,0
spikeUp,160,1760,002165E2,0,1,1,4294967295,0,0
spikeUp,224,1760,00064305,0,1,1,4294967295,0,0
spikeUp,256,1760,00107CEA,0,1,1,4294967295,0,0
spikeUp,288,1760,00387176,0,1,1,4294967295,0,0
spikeUp,320,1760,003041DA,0,1,1,4294967295,0,0
spikeUp,352,928,0017014A,0,1,1,4294967295,0,0
spikeUp,384,928,003DF6AA,0,1,1,4294967295,0,0
spikeUp,416,928,0036A3D9,0,1,1,4294967295,0,0
spikeUp,448,928,003553AC,0,1,1,4294967295,0,0
spikeUp,480,928,0004F8DF,0,1,1,4294967295,0,0
spikeUp,512,928,00157E4F,0,1,1,4294967295,0,0
spikeUp,544,928,00139822,0,1,1,4294967295,0,0
spikeUp,576,928,0033AC1B,0,1,1,4294967295,0,0
spikeUp,64,768,0038BD19,0,1,1,4294967295,0,0
spikeUp,192,608,000C7C48,0,1,1,4294967295,0,0
spikeUp,224,608,0025A618,0,1,1,4294967295,0,0
spikeUp,128,608,000C6A1D,0,1,1,4294967295,0,0
spikeUp,96,608,0008F41C,0,1,1,4294967295,0,0
spikeLeft,352,448,003D894D,0,1,1,4294967295,0,0
spikeLeft,352,480,001C9790,0,1,1,4294967295,0,0
spikeLeft,352,512,003B7457,0,1,1,4294967295,0,0
spikeLeft,352,544,0004677A,0,1,1,4294967295,0,0
spikeUp,512,320,0019A583,0,1,1,4294967295,0,0
spikeUp,544,320,0036CC35,0,1,1,4294967295,0,0
spikeUp,576,320,00046737,0,1,1,4294967295,0,0
spikeUp,608,320,0036E903,0,1,1,4294967295,0,0
spikeUp,640,320,00183944,0,1,1,4294967295,0,0
spikeUp,672,320,002294D9,0,1,1,4294967295,0,0
spikeUp,704,320,000E84DC,0,1,1,4294967295,0,0
spikeLeft,704,288,00024A41,0,1,1,4294967295,0,0
spikeLeft,704,256,003F20D8,0,1,1,4294967295,0,0
spikeLeft,704,224,002BEEF7,0,1,1,4294967295,0,0
spikeLeft,704,192,002C5235,0,1,1,4294967295,0,0
spikeLeft,704,160,002F1D28,0,1,1,4294967295,0,0
spikeLeft,704,128,00370223,0,1,1,4294967295,0,0
spikeLeft,704,96,001C7E7A,0,1,1,4294967295,0,0
spikeLeft,704,64,002EA963,0,1,1,4294967295,0,0
spikeLeft,704,32,00205826,0,1,1,4294967295,0,0
spikeUp,384,2272,002A1419,0,1,1,4294967295,0,0
spikeUp,416,2272,000D82E5,0,1,1,4294967295,0,0
spikeUp,480,2272,002639CA,0,1,1,4294967295,0,0
SpikeTrap,400,2368,00381488,0,1,1,4294967295,0,1
SpikeTrap,432,2368,0039E392,0,1,1,4294967295,0,1
SpikeTrap,96,2304,003377EC,0,1,1,4294967295,0,1
SpikeTrap,0,2352,000A6BAB,0,1,1,4294967295,0,1
SpikeTrap,0,2256,00361FE6,0,1,1,4294967295,0,1
SpikeTrap,160,1984,002CE663,0,1,1,4294967295,0,1
SpikeTrap,192,1984,003F0F16,0,1,1,4294967295,0,1
SpikeTrap,176,1824,0003A0AD,0,1,1,4294967295,0,1
SpikeTrap,640,1888,000060C3,0,1,1,4294967295,0,1
BlockMoveX,640,1888,00376F8E,0,1,1,4294967295,0,1
SpikeTrap,416,1824,001C4675,0,1,1,4294967295,0,1
SpikeTrap,544,1824,0032F4EB,0,1,1,4294967295,0,1
SpikeTrap,512,1824,0005E873,0,1,1,4294967295,0,1
SpikeTrap,480,1824,002345DB,0,1,1,4294967295,0,1
SpikeTrap,320,2496,0014879E,0,1,1,4294967295,0,1
SpikeTrap,224,1824,00110155,0,1,1,4294967295,0,1
SpikeTrap,256,1824,00401B3E,0,1,1,4294967295,0,1
SpikeTrap,288,1824,002BC933,0,1,1,4294967295,0,1
SpikeTrap,512,1984,00185F43,0,1,1,4294967295,0,1
SpikeTrap,192,1760,0019D688,0,1,1,4294967295,0,1
SpikeTrap,352,1536,00085A8B,0,1,1,4294967295,0,1
SpikeTrap,64,1248,0035CF72,0,1,1,4294967295,0,1
SpikeTrap,352,1024,003CC58B,0,1,1,4294967295,0,1
SpikeTrap,224,384,00324603,0,1,1,4294967295,0,1
SpikeTrap,256,576,003702B1,0,1,1,4294967295,0,1
SpikeTrap,384,448,00401A6B,0,1,1,4294967295,0,1
SpikeTrap,176,1792,A784919C,0,1,1,4294967295,0,1
KTGBlueBlockOn,608,2368,001B7479,0,1,1,4294967295,0,0
KTGBlueBlockOn,608,2400,002EC797,0,1,1,4294967295,0,0
KTGBlueBlockOn,608,2432,003BB88D,0,1,1,4294967295,0,0
KTGBlueBlockOn,608,2464,0018BBB7,0,1,1,4294967295,0,0
KTGBlueBlockOn,480,2464,003D0ED2,0,1,1,4294967295,0,0
KTGBlueBlockOn,480,2432,002AB9B9,0,1,1,4294967295,0,0
KTGBlueBlockOn,480,2400,000DEE40,0,1,1,4294967295,0,0
KTGBlueBlockOn,480,2368,0031C8E7,0,1,1,4294967295,0,0
KTGBlueBlockOn,224,2464,0015C45C,0,1,1,4294967295,0,0
KTGBlueBlockOn,224,2432,000E4856,0,1,1,4294967295,0,0
KTGBlueBlockOn,224,2400,0008E60B,0,1,1,4294967295,0,0
KTGBlueBlockOn,224,2368,00187C63,0,1,1,4294967295,0,0
KTGBlueBlockOn,256,2432,00400151,0,1,1,4294967295,0,0
KTGBlueBlockOn,288,2432,003424A1,0,1,1,4294967295,0,0
KTGBlueBlockOn,224,2080,001FC9E9,0,1,1,4294967295,0,0
KTGBlueBlockOn,256,2080,002C05CA,0,1,1,4294967295,0,0
KTGBlueBlockOn,288,2080,001E4D68,0,1,1,4294967295,0,0
KTGBlueBlockOn,608,2336,002AB084,0,1,1,4294967295,0,0
KTGBlueBlockOn,480,2336,0026C815,0,1,1,4294967295,0,0
KTGBlueBlockOn,224,2336,0033EDA9,0,1,1,4294967295,0,0
KTGBlueBlockOn,288,2176,0031BA35,0,1,1,4294967295,0,0
KTGBlueBlockOn,256,2176,0024B8D5,0,1,1,4294967295,0,0
KTGBlueBlockOn,224,2176,003B221D,0,1,1,4294967295,0,0
KTGBlueBlockOn,160,1376,0012E3E7,0,1,1,4294967295,0,0
KTGBlueBlockOn,288,1344,002DE175,0,1,1,4294967295,0,0
KTGBlueBlockOn,160,1312,00334752,0,1,1,4294967295,0,0
KTGBlueBlockOn,288,1280,0023E639,0,1,1,4294967295,0,0
KTGBlueBlockOn,256,896,001A33D4,0,1,1,4294967295,0,0
KTGBlueBlockOn,352,864,0035B96B,0,1,1,4294967295,0,0
KTGBlueBlockOn,448,832,003AD59A,0,1,1,4294967295,0,0
KTGOrangeBlockOff,352,2336,0019085A,0,1,1,4294967295,0,0
KTGOrangeBlockOff,352,2368,0013D8E9,0,1,1,4294967295,0,0
KTGOrangeBlockOff,352,2400,002E96EA,0,1,1,4294967295,0,0
KTGOrangeBlockOff,352,2432,00225094,0,1,1,4294967295,0,0
KTGOrangeBlockOff,352,2464,0028C0B8,0,1,1,4294967295,0,0
KTGOrangeBlockOff,192,2464,002DBC20,0,1,1,4294967295,0,0
KTGOrangeBlockOff,192,2432,002FBCC7,0,1,1,4294967295,0,0
KTGOrangeBlockOff,192,2400,000AB579,0,1,1,4294967295,0,0
KTGOrangeBlockOff,192,2368,000831FF,0,1,1,4294967295,0,0
KTGOrangeBlockOff,192,2336,00392435,0,1,1,4294967295,0,0
KTGOrangeBlockOff,96,2432,001F5061,0,1,1,4294967295,0,0
KTGOrangeBlockOff,64,2432,002DDBCA,0,1,1,4294967295,0,0
KTGOrangeBlockOff,224,2208,002B4C78,0,1,1,4294967295,0,0
KTGOrangeBlockOff,256,2208,00087531,0,1,1,4294967295,0,0
KTGOrangeBlockOff,288,2208,0021889C,0,1,1,4294967295,0,0
KTGOrangeBlockOff,480,2112,0013117C,0,1,1,4294967295,0,0
KTGOrangeBlockOff,448,2112,000A5B94,0,1,1,4294967295,0,0
KTGOrangeBlockOff,416,2112,00013A4A,0,1,1,4294967295,0,0
KTGOrangeBlockOff,208,1600,000B12FB,0,1,1,4294967295,0,0
KTGOrangeBlockOff,256,544,001BE479,0,1,1,4294967295,0,0
KTGOrangeBlockOff,256,352,00178037,0,1,1,4294967295,0,0
KTGOrangeBlockOff,256,384,00076841,0,1,1,4294967295,0,0
KTGOrangeBlockOff,256,416,001C3752,0,1,1,4294967295,0,0
KTGOrangeBlockOn,544,2432,003248DB,0,1,1,4294967295,0,0
KTGOrangeBlockOn,416,2464,0027050E,0,1,1,4294967295,0,0
KTGOrangeBlockOn,128,2368,003CB9CA,0,1,1,4294967295,0,0
KTGOrangeBlockOn,128,2400,00147322,0,1,1,4294967295,0,0
KTGOrangeBlockOn,128,2432,003C48EC,0,1,1,4294967295,0,0
KTGOrangeBlockOn,128,2464,002C1C0A,0,1,1,4294967295,0,0
KTGOrangeBlockOn,128,2336,0017423B,0,1,1,4294967295,0,0
KTGOrangeBlockOn,288,2016,000557C6,0,1,1,4294967295,0,0
KTGOrangeBlockOn,256,2016,0001A6C3,0,1,1,4294967295,0,0
KTGOrangeBlockOn,224,2016,00319143,0,1,1,4294967295,0,0
KTGOrangeBlockOn,224,2112,002B12EC,0,1,1,4294967295,0,0
KTGOrangeBlockOn,256,2112,00148849,0,1,1,4294967295,0,0
KTGOrangeBlockOn,288,2112,00041C6C,0,1,1,4294967295,0,0
KTGOrangeBlockOn,320,2176,0009FCEF,0,1,1,4294967295,0,0
KTGOrangeBlockOn,352,2176,00068F70,0,1,1,4294967295,0,0
KTGOrangeBlockOn,384,2176,0030F90D,0,1,1,4294967295,0,0
KTGOrangeBlockOn,208,1632,0015A786,0,1,1,4294967295,0,0
KTGOrangeBlockOn,208,1568,0003E74F,0,1,1,4294967295,0,0
KTGOrangeBlockOn,208,1504,00215C8D,0,1,1,4294967295,0,0
KTGOrangeBlockOn,160,544,000ECE2B,0,1,1,4294967295,0,0
KTGOrangeBlockOn,384,352,0010C5BA,0,1,1,4294967295,0,0
KTGOrangeBlockOn,384,384,003A2FD6,0,1,1,4294967295,0,0
KTGOrangeBlockOn,384,416,001C437A,0,1,1,4294967295,0,0
KTGBlueBlockOff,224,1984,000D8F2F,0,1,1,4294967295,0,0
KTGBlueBlockOff,256,1984,001EC227,0,1,1,4294967295,0,0
KTGBlueBlockOff,288,1984,002D95E4,0,1,1,4294967295,0,0
KTGBlueBlockOff,416,1984,0030B2BA,0,1,1,4294967295,0,0
KTGBlueBlockOff,448,1984,00388D0B,0,1,1,4294967295,0,0
KTGBlueBlockOff,480,1984,000A8331,0,1,1,4294967295,0,0
KTGBlueBlockOff,576,192,00240B95,0,1,1,4294967295,0,0
KTGBlueBlockOff,576,224,00309772,0,1,1,4294967295,0,0
KTGBlueBlockOff,576,256,0027922B,0,1,1,4294967295,0,0
KTGBlueBlockOff,576,288,0031B682,0,1,1,4294967295,0,0
KTGBlueBlockOff,448,800,00141C4A,0,1,1,4294967295,0,0
KTGBlueBlockOff,352,832,00120024,0,1,1,4294967295,0,0
KTGBlueBlockOff,256,864,001339A2,0,1,1,4294967295,0,0
KTGBlueBlockOff,288,1152,002F02D1,0,1,1,4294967295,0,0
KTGBlueBlockOff,256,1120,003C0021,0,1,1,4294967295,0,0
KTGBlueBlockOff,224,1088,000B5320,0,1,1,4294967295,0,0
KTGBlueBlockOff,192,1056,003CB86C,0,1,1,4294967295,0,0
KTGBlueBlockOff,160,1024,0031C642,0,1,1,4294967295,0,0
KTGBlueBlockOff,288,1312,000BA0F4,0,1,1,4294967295,0,0
KTGBlueBlockOff,160,1344,0016EAD2,0,1,1,4294967295,0,0
KTGBlueBlockOff,384,288,001DB84A,0,1,1,4294967295,0,0
KTGOrangeBlockOff,208,1536,003D0E19,0,1,1,4294967295,0,0
KTGDoor,144,2304,0021DD4B,0,1,1,4294967295,0,1
KTGDoor,96,1984,00066243,0,1,1,4294967295,0,1
KTGDoor,576,1984,00265C30,0,1,1,4294967295,0,1
KTGDoor,672,960,001FED37,0,1,1,4294967295,0,1
KTGDoor,528,608,001FF6A7,0,1,1,4294967295,0,1
KTGDoor,112,288,001C87CB,0,1,1,4294967295,0,1
KTGDoor,496,1760,0015CAFD,0,1,1,4294967295,0,1
KTGDoor,800,2496,00060C49,0,1,1,4294967295,0,1
KTGLaserOn,320,1440,0036F7B6,0,1,1,4294967295,0,0
KTGLaserOn,288,1440,0032C044,0,1,1,4294967295,0,0
KTGLaserOn,256,1440,00172048,0,1,1,4294967295,0,0
KTGLaserOn,224,1440,000DB2A5,0,1,1,4294967295,0,0
KTGLaserOn,192,1440,0012FAB2,0,1,1,4294967295,0,0
KTGLaserOn,160,1440,0003C15D,0,1,1,4294967295,0,0
KTGLaserOn,128,1440,0010AA3C,0,1,1,4294967295,0,0
KTGLaserOn,96,1440,0023ACFF,0,1,1,4294967295,0,0
KTGLaserOn,320,960,0024E41C,0,1,1,4294967295,0,0
KTGLaserOn,288,960,0001F7BA,0,1,1,4294967295,0,0
KTGLaserOn,256,960,002BD42D,0,1,1,4294967295,0,0
KTGLaserOn,224,960,003422E4,0,1,1,4294967295,0,0
KTGLaserOn,192,960,000FBCB1,0,1,1,4294967295,0,0
KTGLaserOn,160,960,002DC1DC,0,1,1,4294967295,0,0
KTGLaserOn,128,960,0026064A,0,1,1,4294967295,0,0
KTGLaserOn,96,960,000EA691,0,1,1,4294967295,0,0
KTGLaserOn,224,64,001B39A5,0,1,1,4294967295,0,0
KTGLaserOn,256,64,00362BA0,0,1,1,4294967295,0,0
KTGLaserOn,288,64,002DD291,0,1,1,4294967295,0,0
KTGBarrel,448,2272,00103280,0,1,1,4294967295,0,0
KTGSwitch,384,1536,003A6D10,0,1,1,4294967295,0,0
KTGSwitch,32,1248,002F1EC9,0,1,1,4294967295,0,0
KTGSwitch,384,1024,001DD011,0,1,1,4294967295,0,0
KTGSwitch,32,768,003F5112,0,1,1,4294967295,0,0
KTGLaserOff,320,64,0010D2F1,0,1,1,4294967295,0,0
KTGLaserOff,352,64,003ACC08,0,1,1,4294967295,0,0
KTGLaserOff,384,64,0016FFE2,0,1,1,4294967295,0,0
KTGSwitch,160,384,0037FD74,0,1,1,4294967295,0,0
KTGLaserOff,96,1216,000D634E,0,1,1,4294967295,0,0
KTGLaserOff,128,1216,001A8018,0,1,1,4294967295,0,0
KTGLaserOff,160,1216,002577FD,0,1,1,4294967295,0,0
KTGLaserOff,192,1216,000FF662,0,1,1,4294967295,0,0
KTGLaserOff,224,1216,000BA1DD,0,1,1,4294967295,0,0
KTGLaserOff,256,1216,003628E6,0,1,1,4294967295,0,0
KTGLaserOff,288,1216,000FE683,0,1,1,4294967295,0,0
KTGLaserOff,320,1216,00220364,0,1,1,4294967295,0,0
KTGVerticalLaserOff,608,928,001631F4,0,1,1,4294967295,0,0
KTGVerticalLaserOff,608,896,00138F77,0,1,1,4294967295,0,0
KTGVerticalLaserOff,608,864,003D20C3,0,1,1,4294967295,0,0
KTGVerticalLaserOff,608,832,003FD9F5,0,1,1,4294967295,0,0
KTGVerticalLaserOff,608,800,00106D25,0,1,1,4294967295,0,0
KTGVerticalLaserOff,608,768,00060C62,0,1,1,4294967295,0,0
KTGVerticalLaserOff,608,736,0023836C,0,1,1,4294967295,0,0
KTGLaserOff,160,256,002437C3,0,1,1,4294967295,0,0
KTGLaserOff,128,256,001ADA4E,0,1,1,4294967295,0,0
KTGLaserOff,96,256,003D9E20,0,1,1,4294967295,0,0
KTGLaserOff,64,256,0027B780,0,1,1,4294967295,0,0
KTGLaserOff,32,256,003F3188,0,1,1,4294967295,0,0
KTGBlackCannon,32,544,0037DEC2,0,1,1,4294967295,0,1
KTGBlackCannon,288,288,001B9D03,0,1,1,4294967295,0,1
KTGBigRedCannon,32,96,00123965,0,1,1,4294967295,0,0
KTGRedCannon,32,384,00048A68,0,1,1,4294967295,0,0
KTGVerticalLaserOn,480,192,00089A68,0,1,1,4294967295,0,0
KTGVerticalLaserOn,480,224,00028374,0,1,1,4294967295,0,0
KTGVerticalLaserOn,480,256,00215977,0,1,1,4294967295,0,0
KTGVerticalLaserOn,480,288,003E561D,0,1,1,4294967295,0,0
KTGLaserOff,416,320,000A80F1,0,1,1,4294967295,0,0
KTGLaserOff,448,320,001DA4A5,0,1,1,4294967295,0,0
KTGLaserOff,608,128,000174E0,0,1,1,4294967295,0,0
KTGLaserOff,640,128,002495C5,0,1,1,4294967295,0,0
KTGLaserOff,672,128,0007E355,0,1,1,4294967295,0,0
KTGLaserOff,704,128,0038621B,0,1,1,4294967295,0,0
KTGLaserOn,704,32,000F4C0F,0,1,1,4294967295,0,0
KTGLaserOn,672,32,0020F839,0,1,1,4294967295,0,0
KTGLaserOn,640,32,000852EB,0,1,1,4294967295,0,0
KTGLaserOn,608,32,00073019,0,1,1,4294967295,0,0
KTGLaserOn,576,32,000E11C6,0,1,1,4294967295,0,0
KTGLaserOn,544,32,001E72CC,0,1,1,4294967295,0,0
KTGLaserOn,512,32,0013C489,0,1,1,4294967295,0,0
KTGLaserOn,480,32,0015A21B,0,1,1,4294967295,0,0
KTGLaserOn,448,32,0015839B,0,1,1,4294967295,0,0
KTGVerticalLaserOff,416,96,00273C7E,0,1,1,4294967295,0,0
KTGVerticalLaserOff,416,128,003105CE,0,1,1,4294967295,0,0
BlockMoveY,320,2528,0018DECA,0,1,1,4294967295,0,1
SmoothCamera,784,2432,0002E987,0,1,1,4294967295,0,0
savePoint,784,2352,001893F7,0,1,1,4294967295,0,0
savePoint,480,1648,0015EB19,0,1,1,4294967295,0,0
savePoint,512,496,003FB9D3,0,1,1,4294967295,0,0
KTGLava,0,2560,000EEBF8,0,1,1,4294967295,0,0
playerStart,784,2464,00091CB1,0,1,1,4294967295,0,0
SpikeTrigger,480,2336,0011EC30,0,1,6,4294967295,0,1
SpikeTrigger,256,2416,001D71AE,0,2,1,4294967295,0,1
SpikeTrigger,96,2336,0034A84B,0,1,3,4294967295,0,1
SpikeTrigger,80,1920,000B5558,0,2,2,4294967295,0,1
SpikeTrigger,224,2048,0006A566,0,3,1,4294967295,0,1
SpikeTrigger,416,2016,00279C92,0,3,1,4294967295,0,1
SpikeTrigger,416,1840,002AF849,0,4,1,4294967295,0,1
SpikeTrigger,352,1696,0007F8D2,0,1,2,4294967295,0,1
SpikeTrigger,208,1536,0019548B,0,1,1,4294967295,0,1
SpikeTrigger,288,1248,0003D713,0,1,1,4294967295,0,1
SpikeTrigger,192,1024,003F4538,0,1,1,4294967295,0,1
SpikeTrigger,352,816,003BE5AE,0,1,1,4294967295,0,1
SpikeTrigger,288,576,0010EB55,0,3,1,4294967295,0,1
KTGDoorText,832,2336,003F91A2,0,1,1,4294967295,0,0
TitleCard,896,1920,002DACE1,0,1,1,4294967295,0,0
KTGDoorDarkness,736,2336,003224F4,0,1,1,4294967295,0,0
block,704,2496,002AD3A7,0,5,1,4294967295,0,0
block,32,1824,0001DEE2,0,19,1,4294967295,0,0
block,0,1856,00093160,0,1,4,4294967295,0,0
block,32,1984,0023F90E,0,5,1,4294967295,0,0
block,192,1984,003C22E4,0,1,10,4294967295,0,0
block,640,1856,0035B433,0,1,1,4294967295,0,0
block,96,2304,0007FADB,0,24,1,4294967295,0,0
block,864,2336,00151ADF,0,1,5,4294967295,0,0
block,608,1632,00364615,0,1,4,4294967295,0,0
block,352,1568,002BA656,0,2,2,4294967295,0,0
block,416,1536,0027B521,0,1,1,4294967295,0,0
block,384,1504,000A71D9,0,1,1,4294967295,0,0
block,32,1280,00265312,0,1,1,4294967295,0,0
block,32,1216,00181496,0,1,1,4294967295,0,0
block,0,1248,0019BBDD,0,1,1,4294967295,0,0
block,352,1056,000B431A,0,1,15,4294967295,0,0
block,416,960,001E5B4D,0,10,1,4294967295,0,0
block,384,1056,0032C6C3,0,1,1,4294967295,0,0
block,416,1024,002A8D08,0,1,1,4294967295,0,0
block,736,736,00196CEE,0,1,7,4294967295,0,0
block,0,768,0021A523,0,1,1,4294967295,0,0
block,32,800,0021618E,0,1,1,4294967295,0,0
block,0,544,0012BE0D,0,1,1,4294967295,0,0
block,160,576,002EB295,0,1,2,4294967295,0,0
block,256,576,00141700,0,1,1,4294967295,0,0
block,384,448,002B2BA1,0,1,4,4294967295,0,0
block,480,320,001C3AE4,0,1,4,4294967295,0,0
block,256,448,003A42CD,0,1,2,4294967295,0,0
block,224,352,0014E544,0,1,3,4294967295,0,0
block,736,32,0009DAA7,0,1,10,4294967295,0,0
block,256,288,000E0BB9,0,1,1,4294967295,0,0
block,288,256,003CBECD,0,4,1,4294967295,0,0
block,384,192,0037D24B,0,1,2,4294967295,0,0
block,192,192,00229ECF,0,1,3,4294967295,0,0
block,0,96,00091EDB,0,1,6,4294967295,0,0
block,672,1888,0033DDD3,0,1,1,4294967295,0,0
block,704,2336,F96B37B5,0,1,2,4294967295,0,0
block,32,2528,433C79C5,0,21,1,4294967295,0,0
block,0,2176,655F8852,0,1,11,4294967295,0,0
block,32,2144,B22E6925,0,5,1,4294967295,0,0
block,640,1920,305165C1,0,1,2,4294967295,0,0
block,544,1984,1A807B33,0,3,1,4294967295,0,0
block,512,1984,E1B5F642,0,1,10,4294967295,0,0
block,320,1856,9B132CF3,0,3,10,4294967295,0,0
block,384,2336,98EF48E1,0,3,2,4294967295,0,0
block,96,1792,FF8D2A7C,0,8,1,4294967295,0,0
block,352,1760,52D77D9D,0,8,1,4294967295,0,0
block,416,1600,695A0317,0,6,1,4294967295,0,0
block,352,1632,2CAE4D58,0,1,2,4294967295,0,0
block,64,1280,F1B2FD20,0,1,16,4294967295,0,0
block,352,960,0B189A7E,0,2,2,4294967295,0,0
block,96,704,5659086A,0,20,1,4294967295,0,0
block,32,736,2FE1E9EC,0,2,1,4294967295,0,0
block,64,800,B5FF70D0,0,1,14,4294967295,0,0
block,96,640,8C3077E1,0,5,1,4294967295,0,0
block,32,576,505D2454,0,2,2,4294967295,0,0
block,256,608,EDB70B6F,0,12,1,4294967295,0,0
block,640,480,040BBAE9,0,1,4,4294967295,0,0
block,416,448,600EBA16,0,7,1,4294967295,0,0
block,32,512,D29150F2,0,8,1,4294967295,0,0
block,256,320,CA9A286E,0,5,1,4294967295,0,0
block,512,352,4F94AC5B,0,7,1,4294967295,0,0
block,224,0,E9C7409D,0,16,1,4294967295,0,0
block,416,32,C4DD76FB,0,1,2,4294967295,0,0
block,512,96,1E0061DF,0,3,3,4294967295,0,0
block,192,160,01FE380D,0,10,1,4294967295,0,0
block,192,32,6515ECAF,0,1,1,4294967295,0,0
block,32,64,1B8440A4,0,6,1,4294967295,0,0
block,32,288,9698591C,0,5,1,4294967295,0,0
