minispikeUp,64,336,00152817,0,1,1,4294967295,0,0
minispikeUp,80,336,00026AFD,0,1,1,4294967295,0,0
spikeDown,352,400,000AC4A9,0,1,1,4294967295,0,0
spikeDown,448,400,000E5D5D,0,1,1,4294967295,0,0
spikeDown,432,304,0008609F,0,1,1,4294967295,0,0
spikeDown,528,272,00019B1D,0,1,1,4294967295,0,0
spikeLeft,400,272,002B59B5,0,1,1,4294967295,0,0
spikeLeft,320,368,003B5CD9,0,1,1,4294967295,0,0
spikeLeft,304,256,00024D04,0,1,1,4294967295,0,0
spikeLeft,560,304,001DDDDA,0,1,1,4294967295,0,0
spikeLeft,608,384,0037781D,0,1,1,4294967295,0,0
spikeRight,624,304,003DC7F7,0,1,1,4294967295,0,0
spikeRight,576,384,001AC656,0,1,1,4294967295,0,0
spikeRight,480,368,003B283E,0,1,1,4294967295,0,0
spikeRight,384,368,0036598C,0,1,1,4294967295,0,0
spikeRight,368,256,00078316,0,1,1,4294967295,0,0
spikeRight,464,272,00012325,0,1,1,4294967295,0,0
spikeUp,528,208,00052AE8,0,1,1,4294967295,0,0
spikeLeft,496,240,00285391,0,1,1,4294967295,0,0
spikeRight,288,368,003F2DF6,0,1,1,4294967295,0,0
spikeRight,688,304,00187B8D,0,1,1,4294967295,0,0
spikeRight,672,384,0013BB1D,0,1,1,4294967295,0,0
spikeLeft,704,384,000281C6,0,1,1,4294967295,0,0
spikeDown,640,240,0024348A,0,1,1,4294967295,0,0
spikeDown,512,176,00224374,0,1,1,4294967295,0,0
spikeLeft,608,208,0021478C,0,1,1,4294967295,0,0
spikeRight,672,208,00157757,0,1,1,4294967295,0,0
spikeRight,544,144,000CD18A,0,1,1,4294967295,0,0
spikeLeft,480,144,00135F2D,0,1,1,4294967295,0,0
spikeDown,384,176,000CBAE3,0,1,1,4294967295,0,0
spikeLeft,352,144,001C00F4,0,1,1,4294967295,0,0
spikeDown,304,112,002FBF59,0,1,1,4294967295,0,0
spikeRight,336,80,003781EB,0,1,1,4294967295,0,0
spikeDown,448,96,0025E405,0,1,1,4294967295,0,0
spikeRight,608,64,00046448,0,1,1,4294967295,0,0
spikeLeft,640,80,00096660,0,1,1,4294967295,0,0
spikeRight,704,80,00193C8E,0,1,1,4294967295,0,0
spikeUp,160,320,0016A218,0,1,1,4294967295,0,0
spikeUp,160,128,001072BA,0,1,1,4294967295,0,0
spikeUp,32,544,00399CDD,0,1,1,4294967295,0,0
spikeUp,160,544,003A3F9F,0,1,1,4294967295,0,0
spikeUp,192,544,000FE735,0,1,1,4294967295,0,0
spikeDown,224,96,003B5C79,0,1,1,4294967295,0,0
spikeDown,192,224,003D98BC,0,1,1,4294967295,0,0
spikeDown,160,256,002BA265,0,1,1,4294967295,0,0
spikeDown,128,256,00290834,0,1,1,4294967295,0,0
spikeDown,96,256,0025A92D,0,1,1,4294967295,0,0
spikeDown,64,256,000A03F6,0,1,1,4294967295,0,0
spikeLeft,224,288,003531FB,0,1,1,4294967295,0,0
spikeLeft,128,352,0036E21C,0,1,1,4294967295,0,0
spikeDown,64,480,0016F662,0,1,1,4294967295,0,0
spikeDown,640,416,000A1687,0,1,1,4294967295,0,0
spikeDown,544,416,003BBE24,0,1,1,4294967295,0,0
spikeUp,288,512,002DEA82,0,1,1,4294967295,0,0
spikeLeft,416,64,00314241,0,1,1,4294967295,0,0
spikeUp,736,368,001F63BD,0,1,1,4294967295,0,0
spikeRight,416,144,00322E6D,0,1,1,4294967295,0,0
SpikeTrap,128,160,00313346,0,1,1,4294967295,0,1
SpikeTrap,128,192,000734A7,0,1,1,4294967295,0,1
SpikeTrap,160,64,0010101D,0,1,1,4294967295,0,1
BlockMoveX,160,32,002A3BD0,0,1,1,4294967295,0,1
SpikeTrap,192,160,00010B71,0,1,1,4294967295,0,1
SpikeTrap,256,192,001613A8,0,1,1,4294967295,0,1
SpikeTrap,192,352,001D03E4,0,1,1,4294967295,0,1
SpikeTrap,192,384,002BFA98,0,1,1,4294967295,0,1
SpikeTrap,128,544,000EC5CA,0,1,1,4294967295,0,1
SpikeTrap,224,544,002CDA89,0,1,1,4294967295,0,1
SpikeTrap,384,144,000930A6,0,1,1,4294967295,0,1
SpikeTrap,448,336,000B7212,0,1,1,4294967295,0,1
SpikeTrap,432,240,0003F7A2,0,1,1,4294967295,0,1
SpikeTrap,512,112,00257753,0,1,1,4294967295,0,1
SpikeTrap,640,176,0030F3E0,0,1,1,4294967295,0,1
SpikeTrap,480,64,000420FE,0,1,1,4294967295,0,1
SpikeTrap,448,64,0026389A,0,1,1,4294967295,0,1
SpikeTrap,512,0,001C0771,0,1,1,4294967295,0,1
SpikeTrap,560,240,001774A1,0,1,1,4294967295,0,1
SpikeTrap,576,96,002F4B00,0,1,1,4294967295,0,1
SpikeTrap,768,32,00042B98,0,1,1,4294967295,0,1
SpikeTrap,544,608,0023122B,0,1,1,4294967295,0,1
SpikeTrap,256,544,002B677B,0,1,1,4294967295,0,1
warp,768,416,003DA12E,0,1,1,4294967295,0,1
blockVis,64,576,00354527,0,1,1,4294967295,0,1
blockNotVis,160,480,0004613B,0,1,1,4294967295,0,1
BlockMoveY,224,576,0006B57D,0,1,1,4294967295,0,1
BlockMoveY,256,576,002C12B1,0,1,1,4294967295,0,1
BlockMoveY,224,608,00378D47,0,1,1,4294967295,0,1
BlockMoveY,256,608,002EB8E7,0,1,1,4294967295,0,1
BlockMoveY,224,640,000BB40E,0,1,1,4294967295,0,1
BlockMoveY,256,640,0038D796,0,1,1,4294967295,0,1
BlockMoveY,224,672,0016EA81,0,1,1,4294967295,0,1
BlockMoveY,256,672,003B7103,0,1,1,4294967295,0,1
deliciousFruit,576,288,0003D5E2,0,1,1,4294967295,0,0
deliciousFruit,592,160,002FCF71,0,1,1,4294967295,0,0
blockNotVis,160,512,000A76DD,0,1,1,4294967295,0,1
blockNotVis,288,320,0010876C,0,1,1,4294967295,0,1
blockVis,608,0,0000B0F0,0,1,1,4294967295,0,1
blockVis,640,0,00379D1F,0,1,1,4294967295,0,1
blockVis,672,0,000D1F94,0,1,1,4294967295,0,1
BlockMoveY,592,448,002A5139,0,1,1,4294967295,0,1
BlockMoveY,544,640,00067A14,0,1,1,4294967295,0,1
blockVis,576,0,00131944,0,1,1,4294967295,0,1
savePoint,96,192,00053433,0,1,1,4294967295,0,0
savePoint,736,144,002ACE94,0,1,1,4294967295,0,0
savePoint,320,544,001CC2BA,0,1,1,4294967295,0,0
playerStart,64,192,0021C74D,0,1,1,4294967295,0,0
SpikeTrigger,64,160,001D7CF3,0,1,1,4294967295,0,1
SpikeTrigger,96,384,00229891,0,1,1,4294967295,0,1
SpikeTrigger,64,560,002FD1AF,0,1,1,4294967295,0,1
SpikeTrigger,160,448,0031EBB9,0,1,1,4294967295,0,1
SpikeTrigger,288,288,00016352,0,1,1,4294967295,0,1
SpikeTrigger,448,32,000D5D7C,0,1,1,4294967295,0,1
SpikeTrigger,672,32,003E20D9,0,1,1,4294967295,0,1
SpikeTrigger,592,352,000FA2B1,0,1,1,4294967295,0,1
SpikeTrigger,592,352,00028C80,0,1,1,4294967295,0,1
SpikeTrigger,512,304,0013C960,0,1,1,4294967295,0,1
TitleCard,800,0,001C3526,0,1,1,4294967295,0,0
block,32,0,0005F6FD,0,5,1,4294967295,0,0
block,0,32,002B554E,0,1,5,4294967295,0,0
block,128,192,0035BE96,0,3,1,4294967295,0,0
block,160,160,003C9D89,0,1,1,4294967295,0,0
block,160,352,0021F8F7,0,1,1,4294967295,0,0
block,64,352,00384860,0,1,2,4294967295,0,0
block,0,256,002ABB64,0,1,1,4294967295,0,0
block,0,288,002DC20A,0,1,1,4294967295,0,0
block,0,320,003D876F,0,1,1,4294967295,0,0
block,0,352,001D5BCA,0,1,1,4294967295,0,0
block,0,384,002BE331,0,1,1,4294967295,0,0
block,0,416,0021E63D,0,1,1,4294967295,0,0
block,0,448,003C214B,0,1,1,4294967295,0,0
block,0,480,000DB8EF,0,1,1,4294967295,0,0
block,0,512,0026F206,0,1,1,4294967295,0,0
block,0,544,0039AF95,0,1,1,4294967295,0,0
block,32,576,0040222F,0,1,1,4294967295,0,0
block,96,576,001C3068,0,4,1,4294967295,0,0
block,288,544,001D1AE0,0,1,1,4294967295,0,0
block,352,480,0002F26E,0,1,4,4294967295,0,0
block,256,32,0034D142,0,1,11,4294967295,0,0
block,288,0,00014D88,0,9,1,4294967295,0,0
block,704,0,000F5665,0,2,1,4294967295,0,0
block,768,32,0030B69F,0,1,12,4294967295,0,0
block,768,448,000D935F,0,1,5,4294967295,0,0
block,736,448,002276F9,0,1,1,4294967295,0,0
block,736,384,000CB4A2,0,1,1,4294967295,0,0
block,352,368,0008C71A,0,1,1,4294967295,0,0
block,448,368,0008AB5B,0,1,1,4294967295,0,0
block,336,256,0028733C,0,1,1,4294967295,0,0
block,432,272,0032614F,0,1,1,4294967295,0,0
block,592,304,0003D08B,0,1,1,4294967295,0,0
block,544,384,002A541F,0,1,1,4294967295,0,0
block,640,384,0022868F,0,1,1,4294967295,0,0
block,656,304,001EADFA,0,1,1,4294967295,0,0
block,528,240,003549D7,0,1,1,4294967295,0,0
block,640,208,002AF80E,0,1,1,4294967295,0,0
block,512,144,0029E9F2,0,1,1,4294967295,0,0
block,384,144,002A8A2E,0,1,1,4294967295,0,0
block,304,80,000E3D57,0,1,1,4294967295,0,0
block,448,64,00057E5D,0,1,1,4294967295,0,0
block,576,64,00222A1A,0,1,1,4294967295,0,0
block,672,80,00295E5A,0,1,1,4294967295,0,0
block,704,144,00076080,0,1,1,4294967295,0,0
block,288,576,F1EDB8DA,0,2,1,4294967295,0,0
block,64,416,C07EA455,0,2,2,4294967295,0,0
block,128,416,C8EF1061,0,2,1,4294967295,0,0
block,160,384,768D065A,0,4,1,4294967295,0,0
block,192,32,1C748BF2,0,2,2,4294967295,0,0
block,32,192,C3774024,0,1,1,4294967295,0,0
block,32,224,191F22CB,0,5,1,4294967295,0,0
block,704,176,F9C4AAFE,0,2,1,4294967295,0,0
