IvanTileset,64,512,0,0,32,32,0,1,1,4294967295
IvanTileset,32,576,0,0,32,32,0,1,1,4294967295
IvanTileset,96,576,0,0,32,32,0,1,1,4294967295
IvanTileset,128,576,0,0,32,32,0,1,1,4294967295
IvanTileset,160,576,0,0,32,32,0,1,1,4294967295
IvanTileset,288,576,0,0,32,32,0,1,1,4294967295
IvanTileset,672,576,0,0,32,32,0,1,1,4294967295
IvanTileset,640,576,0,0,32,32,0,1,1,4294967295
IvanTileset,608,576,0,0,32,32,0,1,1,4294967295
IvanTileset,576,576,0,0,32,32,0,1,1,4294967295
IvanTileset,544,576,0,0,32,32,0,1,1,4294967295
IvanTileset,512,576,0,0,32,32,0,1,1,4294967295
IvanTileset,480,576,0,0,32,32,0,1,1,4294967295
IvanTileset,448,576,0,0,32,32,0,1,1,4294967295
IvanTileset,416,576,0,0,32,32,0,1,1,4294967295
IvanTileset,384,576,0,0,32,32,0,1,1,4294967295
IvanTileset,352,576,0,0,32,32,0,1,1,4294967295
IvanTileset,320,576,0,0,32,32,0,1,1,4294967295
IvanTileset,256,576,0,0,32,32,0,1,1,4294967295
IvanTileset,224,576,0,0,32,32,0,1,1,4294967295
IvanTileset,192,576,0,0,32,32,0,1,1,4294967295
IvanTileset,0,256,0,0,32,32,0,1,1,4294967295
IvanTileset,32,256,0,0,32,32,0,1,1,4294967295
IvanTileset,64,256,0,0,32,32,0,1,1,4294967295
IvanTileset,96,256,0,0,32,32,0,1,1,4294967295
IvanTileset,128,256,0,0,32,32,0,1,1,4294967295
IvanTileset,160,256,0,0,32,32,0,1,1,4294967295
IvanTileset,192,256,0,0,32,32,0,1,1,4294967295
IvanTileset,96,160,0,0,32,32,0,1,1,4294967295
IvanTileset,128,160,0,0,32,32,0,1,1,4294967295
IvanTileset,160,160,0,0,32,32,0,1,1,4294967295
IvanTileset,192,160,0,0,32,32,0,1,1,4294967295
IvanTileset,256,160,0,0,32,32,0,1,1,4294967295
IvanTileset,288,160,0,0,32,32,0,1,1,4294967295
IvanTileset,320,160,0,0,32,32,0,1,1,4294967295
IvanTileset,224,160,0,0,32,32,0,1,1,4294967295
IvanTileset,352,160,0,0,32,32,0,1,1,4294967295
IvanTileset,416,128,0,0,32,32,0,1,1,4294967295
IvanTileset,448,128,0,0,32,32,0,1,1,4294967295
IvanTileset,480,128,0,0,32,32,0,1,1,4294967295
IvanTileset,512,128,0,0,32,32,0,1,1,4294967295
IvanTileset,544,128,0,0,32,32,0,1,1,4294967295
IvanTileset,576,128,0,0,32,32,0,1,1,4294967295
IvanTileset,608,160,0,0,32,32,0,1,1,4294967295
IvanTileset,640,288,0,0,32,32,0,1,1,4294967295
IvanTileset,672,384,0,0,32,32,0,1,1,4294967295
IvanTileset,480,192,0,0,32,32,0,1,1,4294967295
IvanTileset,448,192,0,0,32,32,0,1,1,4294967295
IvanTileset,416,192,0,0,32,32,0,1,1,4294967295
IvanTileset,352,256,0,0,32,32,0,1,1,4294967295
IvanTileset,384,256,0,0,32,32,0,1,1,4294967295
IvanTileset,416,256,0,0,32,32,0,1,1,4294967295
IvanTileset,448,256,0,0,32,32,0,1,1,4294967295
IvanTileset,512,256,0,0,32,32,0,1,1,4294967295
IvanTileset,544,256,0,0,32,32,0,1,1,4294967295
IvanTileset,576,256,0,0,32,32,0,1,1,4294967295
IvanTileset,480,256,0,0,32,32,0,1,1,4294967295
IvanTileset,320,288,0,0,32,32,0,1,1,4294967295
IvanTileset,288,288,0,0,32,32,0,1,1,4294967295
IvanTileset,256,288,0,0,32,32,0,1,1,4294967295
IvanTileset,224,288,0,0,32,32,0,1,1,4294967295
IvanTileset,320,352,0,0,32,32,0,1,1,4294967295
IvanTileset,224,352,0,0,32,32,0,1,1,4294967295
IvanTileset,192,352,0,0,32,32,0,1,1,4294967295
IvanTileset,160,352,0,0,32,32,0,1,1,4294967295
IvanTileset,128,352,0,0,32,32,0,1,1,4294967295
IvanTileset,96,352,0,0,32,32,0,1,1,4294967295
IvanTileset,64,352,0,0,32,32,0,1,1,4294967295
IvanTileset,64,416,0,0,32,32,0,1,1,4294967295
IvanTileset,96,416,0,0,32,32,0,1,1,4294967295
IvanTileset,160,416,0,0,32,32,0,1,1,4294967295
IvanTileset,128,416,0,0,32,32,0,1,1,4294967295
IvanTileset,384,448,0,0,32,32,0,1,1,4294967295
IvanTileset,416,448,0,0,32,32,0,1,1,4294967295
IvanTileset,448,480,0,0,32,32,0,1,1,4294967295
IvanTileset,480,480,0,0,32,32,0,1,1,4294967295
IvanTileset,512,480,0,0,32,32,0,1,1,4294967295
IvanTileset,544,320,0,0,32,32,0,1,1,4294967295
IvanTileset,576,320,0,0,32,32,0,1,1,4294967295
IvanTileset,608,448,0,0,32,32,0,1,1,4294967295
IvanTileset,640,448,0,0,32,32,0,1,1,4294967295
IvanTileset,64,576,0,32,32,32,0,1,1,4294967295
IvanTileset,64,544,0,32,32,32,0,1,1,4294967295
IvanTileset,0,576,0,32,32,32,0,1,1,4294967295
IvanTileset,0,544,0,32,32,32,0,1,1,4294967295
IvanTileset,0,512,0,32,32,32,0,1,1,4294967295
IvanTileset,0,480,0,32,32,32,0,1,1,4294967295
IvanTileset,0,448,0,32,32,32,0,1,1,4294967295
IvanTileset,0,416,0,32,32,32,0,1,1,4294967295
IvanTileset,0,384,0,32,32,32,0,1,1,4294967295
IvanTileset,0,352,0,32,32,32,0,1,1,4294967295
IvanTileset,0,320,0,32,32,32,0,1,1,4294967295
IvanTileset,0,288,0,32,32,32,0,1,1,4294967295
IvanTileset,320,384,0,32,32,32,0,1,1,4294967295
IvanTileset,320,416,0,32,32,32,0,1,1,4294967295
IvanTileset,320,448,0,32,32,32,0,1,1,4294967295
IvanTileset,352,448,0,0,32,32,0,1,1,4294967295
IvanTileset,416,480,0,32,32,32,0,1,1,4294967295
IvanTileset,640,480,0,32,32,32,0,1,1,4294967295
IvanTileset,672,448,0,32,32,32,0,1,1,4294967295
IvanTileset,672,416,0,32,32,32,0,1,1,4294967295
IvanTileset,640,384,0,32,32,32,0,1,1,4294967295
IvanTileset,640,352,0,32,32,32,0,1,1,4294967295
IvanTileset,640,320,0,32,32,32,0,1,1,4294967295
IvanTileset,576,448,0,32,32,32,0,1,1,4294967295
IvanTileset,576,416,0,32,32,32,0,1,1,4294967295
IvanTileset,576,384,0,32,32,32,0,1,1,4294967295
IvanTileset,576,352,0,32,32,32,0,1,1,4294967295
IvanTileset,768,480,0,32,32,32,0,1,1,4294967295
IvanTileset,768,0,0,32,32,32,0,1,1,4294967295
IvanTileset,768,32,0,32,32,32,0,1,1,4294967295
IvanTileset,768,64,0,32,32,32,0,1,1,4294967295
IvanTileset,768,96,0,32,32,32,0,1,1,4294967295
IvanTileset,768,128,0,32,32,32,0,1,1,4294967295
IvanTileset,768,160,0,32,32,32,0,1,1,4294967295
IvanTileset,768,192,0,32,32,32,0,1,1,4294967295
IvanTileset,768,224,0,32,32,32,0,1,1,4294967295
IvanTileset,768,256,0,32,32,32,0,1,1,4294967295
IvanTileset,768,288,0,32,32,32,0,1,1,4294967295
IvanTileset,768,320,0,32,32,32,0,1,1,4294967295
IvanTileset,768,352,0,32,32,32,0,1,1,4294967295
IvanTileset,768,384,0,32,32,32,0,1,1,4294967295
IvanTileset,768,416,0,32,32,32,0,1,1,4294967295
IvanTileset,768,448,0,32,32,32,0,1,1,4294967295
IvanTileset,736,0,0,32,32,32,0,1,1,4294967295
IvanTileset,704,0,0,32,32,32,0,1,1,4294967295
IvanTileset,672,0,0,32,32,32,0,1,1,4294967295
IvanTileset,640,0,0,32,32,32,0,1,1,4294967295
IvanTileset,608,0,0,32,32,32,0,1,1,4294967295
IvanTileset,576,0,0,32,32,32,0,1,1,4294967295
IvanTileset,544,0,0,32,32,32,0,1,1,4294967295
IvanTileset,512,0,0,32,32,32,0,1,1,4294967295
IvanTileset,480,0,0,32,32,32,0,1,1,4294967295
IvanTileset,448,0,0,32,32,32,0,1,1,4294967295
IvanTileset,416,0,0,32,32,32,0,1,1,4294967295
IvanTileset,384,0,0,32,32,32,0,1,1,4294967295
IvanTileset,352,0,0,32,32,32,0,1,1,4294967295
IvanTileset,320,0,0,32,32,32,0,1,1,4294967295
IvanTileset,288,0,0,32,32,32,0,1,1,4294967295
IvanTileset,256,0,0,32,32,32,0,1,1,4294967295
IvanTileset,224,0,0,32,32,32,0,1,1,4294967295
IvanTileset,192,0,0,32,32,32,0,1,1,4294967295
IvanTileset,160,0,0,32,32,32,0,1,1,4294967295
IvanTileset,128,0,0,32,32,32,0,1,1,4294967295
IvanTileset,96,0,0,32,32,32,0,1,1,4294967295
IvanTileset,64,0,0,32,32,32,0,1,1,4294967295
IvanTileset,32,0,0,32,32,32,0,1,1,4294967295
IvanTileset,0,0,0,32,32,32,0,1,1,4294967295
IvanTileset,0,32,0,32,32,32,0,1,1,4294967295
IvanTileset,0,64,0,32,32,32,0,1,1,4294967295
IvanTileset,0,96,0,32,32,32,0,1,1,4294967295
IvanTileset,0,128,0,32,32,32,0,1,1,4294967295
IvanTileset,64,128,0,32,32,32,0,1,1,4294967295
IvanTileset,64,160,0,32,32,32,0,1,1,4294967295
IvanTileset,384,160,0,32,32,32,0,1,1,4294967295
IvanTileset,384,192,0,32,32,32,0,1,1,4294967295
IvanTileset,576,160,0,32,32,32,0,1,1,4294967295
IvanTileset,608,192,0,32,32,32,0,1,1,4294967295
IvanTileset,608,224,0,32,32,32,0,1,1,4294967295
IvanTileset,608,256,0,32,32,32,0,1,1,4294967295
IvanTileset,352,288,0,32,32,32,0,1,1,4294967295
IvanTileset,544,352,0,32,32,32,0,1,1,4294967295
IvanTileset,544,384,0,32,32,32,0,1,1,4294967295
IvanTileset,544,416,0,32,32,32,0,1,1,4294967295
IvanTileset,544,448,0,32,32,32,0,1,1,4294967295
IvanTileset,544,480,0,32,32,32,0,1,1,4294967295
IvanTileset,192,416,0,0,32,32,0,1,1,4294967295
