minispikeUp,32,432,002A2EDF,0,1,1,4294967295,0,0
minispikeUp,48,432,003C363B,0,1,1,4294967295,0,0
minispikeUp,336,560,003679EF,0,1,1,4294967295,0,0
minispikeUp,320,560,0018601C,0,1,1,4294967295,0,0
minispikeUp,320,272,0016E35D,0,1,1,4294967295,0,0
minispikeUp,336,272,000E8D96,0,1,1,4294967295,0,0
minispikeUp,224,272,002F0E37,0,1,1,4294967295,0,0
minispikeUp,240,272,0019AE35,0,1,1,4294967295,0,0
minispikeUp,464,112,0022145D,0,1,1,4294967295,0,0
minispikeUp,448,112,0038DDDA,0,1,1,4294967295,0,0
spikeUp,128,544,000589B8,0,1,1,4294967295,0,0
spikeUp,160,544,0006B02C,0,1,1,4294967295,0,0
spikeUp,192,544,0034EBA6,0,1,1,4294967295,0,0
spikeUp,672,544,002D5519,0,1,1,4294967295,0,0
spikeUp,640,256,001EC613,0,1,1,4294967295,0,0
spikeUp,352,416,0005BA83,0,1,1,4294967295,0,0
spikeUp,384,416,002EA179,0,1,1,4294967295,0,0
spikeUp,480,448,001BB49F,0,1,1,4294967295,0,0
spikeUp,512,448,0035DEA9,0,1,1,4294967295,0,0
spikeUp,576,96,00345339,0,1,1,4294967295,0,0
spikeUp,608,128,00180508,0,1,1,4294967295,0,0
spikeDown,128,224,002D0106,0,1,1,4294967295,0,0
spikeDown,32,288,0037DC9A,0,1,1,4294967295,0,0
spikeDown,320,480,00081358,0,1,1,4294967295,0,0
spikeDown,448,32,00174DE1,0,1,1,4294967295,0,0
spikeUp,96,544,00024D1B,0,1,1,4294967295,0,0
spikeDown,640,512,002C63C4,0,1,1,4294967295,0,0
spikeDown,32,448,0038AC6F,0,1,1,4294967295,0,0
spikeUp,352,544,00031152,0,1,1,4294967295,0,0
spikeDown,544,512,00136BFC,0,1,1,4294967295,0,0
spikeDown,128,32,00338752,0,1,1,4294967295,0,0
spikeDown,160,32,000E1A49,0,1,1,4294967295,0,0
spikeDown,192,32,0004F6DF,0,1,1,4294967295,0,0
spikeDown,624,32,001320CF,0,1,1,4294967295,0,0
spikeDown,416,512,002F5051,0,1,1,4294967295,0,0
spikeDown,64,288,001125C5,0,1,1,4294967295,0,0
spikeUp,480,544,0008A574,0,1,1,4294967295,0,0
IvanLongSpike,128,160,001A3758,0,1,1,4294967295,0,0
IvanLongSpike,160,160,0000F8F5,0,1,1,4294967295,0,0
IvanLongSpike,192,160,001608B3,0,1,1,4294967295,0,0
IvanLongSpike,224,160,000837AF,0,1,1,4294967295,0,0
IvanLongSpike,256,160,001F874B,0,1,1,4294967295,0,0
IvanLongSpike,288,160,00108ADE,0,1,1,4294967295,0,0
IvanLongSpike,320,160,003CAEA1,0,1,1,4294967295,0,0
SpikeTrap,512,96,001A85DC,0,1,1,4294967295,0,1
SpikeTrap,512,96,0023AA9C,0,1,1,4294967295,0,1
SpikeTrap,288,544,00041FFD,0,1,1,4294967295,0,1
SpikeTrap,64,512,000431D9,0,1,1,4294967295,0,1
SpikeTrap,192,448,003ABE9C,0,1,1,4294967295,0,1
SpikeTrap,288,384,001E95F2,0,1,1,4294967295,0,1
SpikeTrap,256,384,00295B20,0,1,1,4294967295,0,1
SpikeTrap,128,352,0015DCAC,0,1,1,4294967295,0,1
SpikeTrap,160,352,002E0F4E,0,1,1,4294967295,0,1
SpikeTrap,416,416,00136BDB,0,1,1,4294967295,0,1
SpikeTrap,448,448,000C7FA0,0,1,1,4294967295,0,1
minispikeDown,544,32,003E0D34,0,1,1,4294967295,0,0
minispikeDown,560,32,00037FDE,0,1,1,4294967295,0,0
IvanButton1,416,160,001743B6,0,1,1,4294967295,0,0
IvanBlockDestroy,80,112,003A0557,0,1,1,4294967295,0,1
IvanCherry,240,272,0015E4B5,0,1,1,4294967295,0,1
IvanButton2,32,544,0002C03C,0,1,1,4294967295,0,0
IvanBlockLower,272,432,00246305,0,1,1,4294967295,0,0
IvanBlockDestroy,528,208,000E62C6,0,1,1,4294967295,0,1
IvanBlockGoLeft,384,128,00240B87,0,1,1,4294967295,0,0
IvanFakeBlock,48,432,0020AB9E,0,1,1,4294967295,0,0
IvanFakeBlock,272,368,001BD1B8,0,1,1,4294967295,0,0
IvanFakeBlock,304,368,002704F2,0,1,1,4294967295,0,0
IvanBlockDestroy,784,528,002489D0,0,1,1,4294967295,0,1
IvanBlockDestroy,784,560,002F6DEC,0,1,1,4294967295,0,1
IvanBlockDestroy,720,592,000D1C62,0,1,1,4294967295,0,1
IvanBlockDestroy,752,592,003ABB94,0,1,1,4294967295,0,1
IvanBlockDestroy,784,592,0001F4F8,0,1,1,4294967295,0,1
WalljumpL,320,354,00042EB8,0,1,1,4294967295,0,0
WalljumpR,544,322,00332611,0,1,1,4294967295,0,0
WalljumpL,320,384,00001907,0,1,1,4294967295,0,0
WalljumpR,544,352,0037C7EF,0,1,1,4294967295,0,0
IvanWarp,640,416,00007CF8,0,1,1,4294967295,0,0
niseblock,112,224,00071F2C,0,1,1,4294967295,0,0
niseblock,608,224,002D5652,0,1,1,4294967295,0,0
niseblock,352,256,002732A4,0,1,1,4294967295,0,0
niseblock,192,256,002F7648,0,1,1,4294967295,0,0
IvanCherry,432,240,00195ABE,0,1,1,4294967295,0,1
IvanBlockLower,304,432,9FE9F931,0,1,1,4294967295,0,0
savePoint,0,160,003A21CF,0,1,1,4294967295,0,0
savePoint,592,480,002AF628,0,1,1,4294967295,0,0
SpikeTrigger,224,32,00093A66,0,1,1,4294967295,0,1
SpikeTrigger,96,153,003DD815,0,1,1,4294967295,0,1
SpikeTrigger,480,32,0016677C,0,1,1,4294967295,0,1
SpikeTrigger,672,351,001A1670,0,1,1,4294967295,0,1
SpikeTrigger,192,384,0036AA00,0,1,1,4294967295,0,1
SpikeTrigger,96,304,0031DE7B,0,1,1,4294967295,0,1
SpikeTrigger,-32,576,002EC4FC,0,1,1,4294967295,0,1
SpikeTrigger,-32,96,001AF0C1,0,1,1,4294967295,0,1
SpikeTrigger,800,288,0015787C,0,1,1,4294967295,0,1
IvanGiantCherry,704,-128,001ABD91,0,1,1,4294967295,0,0
SpikeTrapG,832,208,002E257B,0,1,1,4294967295,0,1
playerStart,0,224,002DB39A,0,1,1,4294967295,0,0
TitleCard,800,0,001DBF42,0,1,1,4294967295,0,0
block,0,32,000FCCB0,0,1,4,4294967295,0,0
block,64,160,00241EBE,0,11,1,4294967295,0,0
block,64,128,00333E11,0,1,1,4294967295,0,0
block,32,0,003DD6BC,0,23,1,4294967295,0,0
block,224,288,001230AA,0,5,1,4294967295,0,0
block,384,192,003ACA35,0,4,1,4294967295,0,0
block,576,160,003606B8,0,1,1,4294967295,0,0
block,608,160,0030A0E8,0,1,3,4294967295,0,0
block,640,288,001C655A,0,1,4,4294967295,0,0
block,672,384,002260EB,0,1,3,4294967295,0,0
block,640,480,002A86FE,0,1,1,4294967295,0,0
block,544,320,000360A5,0,2,4,4294967295,0,0
block,32,576,0020AA8F,0,1,1,4294967295,0,0
block,416,480,001B0440,0,5,1,4294967295,0,0
block,544,448,000BFEEA,0,4,1,4294967295,0,0
block,0,256,6323D6CB,0,7,1,4294967295,0,0
block,352,256,66EFB483,0,9,1,4294967295,0,0
block,416,128,6DB7ADFE,0,6,1,4294967295,0,0
block,320,448,2588ED30,0,4,1,4294967295,0,0
block,320,352,849D9F78,0,1,3,4294967295,0,0
block,64,416,006AAA87,0,5,1,4294967295,0,0
block,64,512,691356DF,0,1,2,4294967295,0,0
block,0,288,7C494253,0,1,9,4294967295,0,0
block,64,352,3E4A82E7,0,6,1,4294967295,0,0
block,96,576,B3FE8AA3,0,19,1,4294967295,0,0
block,768,32,722A5ED5,0,1,15,4294967295,0,0
block,800,512,3C5073C6,0,1,3,4294967295,0,0
block,-32,160,C3C3D3C7,0,1,3,4294967295,0,0
