miniblock,512,304,000B0A84,0,1,1,4294967295,0,0
minispikeUp,64,256,0027EB07,0,1,1,4294967295,0,0
minispikeUp,48,256,00011557,0,1,1,4294967295,0,0
minispikeUp,32,256,0032B130,0,1,1,4294967295,0,0
minispikeUp,176,256,0005331D,0,1,1,4294967295,0,0
minispikeUp,192,256,00143569,0,1,1,4294967295,0,0
minispikeUp,560,560,0026984F,0,1,1,4294967295,0,0
minispikeUp,544,560,0000A8B5,0,1,1,4294967295,0,0
minispikeDown,144,480,0033112B,0,1,1,4294967295,0,0
minispikeDown,128,480,002F476B,0,1,1,4294967295,0,0
minispikeDown,416,480,00364C33,0,1,1,4294967295,0,0
minispikeDown,432,480,000D0DCA,0,1,1,4294967295,0,0
minispikeDown,448,480,00118EEB,0,1,1,4294967295,0,0
minispikeDown,464,480,00162B63,0,1,1,4294967295,0,0
minispikeDown,480,480,000DA07C,0,1,1,4294967295,0,0
minispikeDown,496,480,00367D32,0,1,1,4294967295,0,0
spikeUp,256,96,002476E6,0,1,1,4294967295,0,0
spikeDown,656,64,0014B8DC,0,1,1,4294967295,0,0
spikeDown,592,64,00191BC5,0,1,1,4294967295,0,0
spikeUp,704,96,003F0E68,0,1,1,4294967295,0,0
spikeUp,736,32,0016DA2A,0,1,1,4294967295,0,0
spikeUp,736,160,001EAD0D,0,1,1,4294967295,0,0
spikeUp,704,224,00106FDC,0,1,1,4294967295,0,0
spikeUp,736,288,00381CF2,0,1,1,4294967295,0,0
spikeUp,704,352,000D7688,0,1,1,4294967295,0,0
spikeUp,736,416,0021B7BE,0,1,1,4294967295,0,0
spikeUp,704,480,001AE993,0,1,1,4294967295,0,0
spikeUp,736,544,0020C8D2,0,1,1,4294967295,0,0
spikeDown,704,512,001D747F,0,1,1,4294967295,0,0
spikeDown,736,448,003664D0,0,1,1,4294967295,0,0
spikeDown,704,384,000E1824,0,1,1,4294967295,0,0
spikeDown,736,320,001FB1E6,0,1,1,4294967295,0,0
spikeDown,704,256,00179354,0,1,1,4294967295,0,0
spikeDown,736,192,0034A76D,0,1,1,4294967295,0,0
spikeDown,704,128,0023A6FF,0,1,1,4294967295,0,0
spikeDown,736,64,0007B977,0,1,1,4294967295,0,0
spikeUp,576,544,000F36AD,0,1,1,4294967295,0,0
spikeDown,96,336,0030B845,0,1,1,4294967295,0,0
spikeDown,176,304,00321E94,0,1,1,4294967295,0,0
spikeRight,160,352,003513C5,0,1,1,4294967295,0,0
spikeRight,256,432,00129D85,0,1,1,4294967295,0,0
spikeRight,352,400,00316662,0,1,1,4294967295,0,0
spikeRight,352,464,000A7BB4,0,1,1,4294967295,0,0
spikeLeft,288,464,0019947C,0,1,1,4294967295,0,0
spikeLeft,288,400,001C6905,0,1,1,4294967295,0,0
spikeLeft,384,432,0003D8D3,0,1,1,4294967295,0,0
spikeDown,320,464,0028B36C,0,1,1,4294967295,0,0
spikeUp,320,400,00298F63,0,1,1,4294967295,0,0
spikeDown,224,240,00154561,0,1,1,4294967295,0,0
spikeDown,128,240,0020D157,0,1,1,4294967295,0,0
spikeDown,384,160,0033555C,0,1,1,4294967295,0,0
spikeDown,352,160,001C7063,0,1,1,4294967295,0,0
spikeDown,320,160,000CE05B,0,1,1,4294967295,0,0
spikeDown,288,160,002287CF,0,1,1,4294967295,0,0
spikeDown,256,192,001EAF68,0,1,1,4294967295,0,0
spikeDown,192,160,00135F21,0,1,1,4294967295,0,0
spikeDown,160,160,00209407,0,1,1,4294967295,0,0
spikeDown,128,160,00241524,0,1,1,4294967295,0,0
spikeDown,96,160,000E1A7B,0,1,1,4294967295,0,0
spikeDown,64,160,003C0202,0,1,1,4294967295,0,0
spikeDown,32,160,0016CD96,0,1,1,4294967295,0,0
spikeUp,640,240,0027FB27,0,1,1,4294967295,0,0
spikeUp,576,464,0023C3C0,0,1,1,4294967295,0,0
spikeUp,544,432,001BAF83,0,1,1,4294967295,0,0
spikeLeft,640,352,0007B06B,0,1,1,4294967295,0,0
spikeRight,544,288,003BCF50,0,1,1,4294967295,0,0
spikeLeft,480,96,003DF13B,0,1,1,4294967295,0,0
spikeDown,64,464,0000D538,0,1,1,4294967295,0,0
spikeUp,64,208,0037E39D,0,1,1,4294967295,0,0
spikeDown,64,240,001AA566,0,1,1,4294967295,0,0
spikeDown,176,192,003161DC,0,1,1,4294967295,0,0
spikeUp,144,240,0020964E,0,1,1,4294967295,0,0
spikeUp,208,240,001C7FDB,0,1,1,4294967295,0,0
spikeDown,160,48,0023450D,0,1,1,4294967295,0,0
spikeUp,128,32,001F5C80,0,1,1,4294967295,0,0
spikeUp,192,32,003ED475,0,1,1,4294967295,0,0
spikeUp,160,16,0013111E,0,1,1,4294967295,0,0
spikeLeft,192,384,00011E3C,0,1,1,4294967295,0,0
spikeRight,160,416,001583AA,0,1,1,4294967295,0,0
spikeUp,176,432,000BD34A,0,1,1,4294967295,0,0
spikeDown,176,464,001E552C,0,1,1,4294967295,0,0
spikeLeft,256,48,000087A8,0,1,1,4294967295,0,0
spikeRight,288,48,0037D35B,0,1,1,4294967295,0,0
spikeDown,624,96,003270B7,0,1,1,4294967295,0,0
spikeUp,608,96,0013A53D,0,1,1,4294967295,0,0
spikeUp,640,96,000BB0DF,0,1,1,4294967295,0,0
spikeUp,144,96,00022BA8,0,1,1,4294967295,0,0
spikeDown,128,96,001D838E,0,1,1,4294967295,0,0
spikeDown,192,96,002EE1EC,0,1,1,4294967295,0,0
spikeUp,176,96,0027909E,0,1,1,4294967295,0,0
spikeRight,448,96,00042EBF,0,1,1,4294967295,0,1
spikeDown,544,368,0017E543,0,1,1,4294967295,0,0
spikeDown,640,272,0011ABE3,0,1,1,4294967295,0,0
spikeRight,512,400,001129B2,0,1,1,4294967295,0,0
spikeRight,576,336,003FEE7F,0,1,1,4294967295,0,0
spikeLeft,96,416,0029A8A3,0,1,1,4294967295,0,0
minispikeDown,136,512,00093630,0,1,1,4294967295,0,0
minispikeDown,136,512,0030023E,0,1,1,4294967295,0,0
minispikeDown,136,512,00328243,0,1,1,4294967295,0,0
spikeUp,592,368,003CD3B6,0,1,1,4294967295,0,0
spikeDown,592,400,0020D923,0,1,1,4294967295,0,0
spikeDown,112,304,00038636,0,1,1,4294967295,0,0
spikeDown,144,304,000B089C,0,1,1,4294967295,0,0
spikeDown,208,304,003F026B,0,1,1,4294967295,0,0
spikeDown,48,304,0024DD16,0,1,1,4294967295,0,0
spikeDown,16,304,002BCB04,0,1,1,4294967295,0,0
spikeLeft,224,128,000831A8,0,1,1,4294967295,0,0
spikeRight,224,128,00091B0A,0,1,1,4294967295,0,0
spikeDown,336,528,00278E22,0,1,1,4294967295,0,0
spikeUp,64,544,002BC0FE,0,1,1,4294967295,0,0
spikeUp,32,544,000A00C5,0,1,1,4294967295,0,0
spikeRight,32,416,003639C6,0,1,1,4294967295,0,0
spikeRight,64,384,003D8B5A,0,1,1,4294967295,0,0
spikeDown,256,528,002C09D5,0,1,1,4294967295,0,0
SpikeTrap,416,192,0022DD8F,0,1,1,4294967295,0,1
SpikeTrap,416,160,00293668,0,1,1,4294967295,0,1
SpikeTrap,576,432,001CDFE0,0,1,1,4294967295,0,1
spikeLeft,416,96,00362C1F,0,1,1,4294967295,0,0
spikeRight,512,96,002F33FD,0,1,1,4294967295,0,0
SpikeTrap,96,128,0008E175,0,1,1,4294967295,0,1
spikeLeft,448,48,002758BA,0,1,1,4294967295,0,0
spikeDown,80,304,000E05C4,0,1,1,4294967295,0,0
spikeUp,512,544,000B2FBA,0,1,1,4294967295,0,0
spikeDown,608,528,0036CE89,0,1,1,4294967295,0,0
spikeUp,288,96,0005BE2F,0,1,1,4294967295,0,0
spikeRight,480,48,00062A5B,0,1,1,4294967295,0,0
spikeDown,496,32,00044329,0,1,1,4294967295,0,0
spikeDown,432,32,000702FC,0,1,1,4294967295,0,0
spikeUp,320,96,0002C0AB,0,1,1,4294967295,0,0
spikeLeft,560,32,001916F8,0,1,1,4294967295,0,0
spikeRight,688,32,000AD422,0,1,1,4294967295,0,0
spikeDown,592,256,00333F96,0,1,1,4294967295,0,0
spikeRight,608,320,0035551B,0,1,1,4294967295,0,0
spikeRight,608,288,003B83FE,0,1,1,4294967295,0,0
spikeLeft,576,320,002DA881,0,1,1,4294967295,0,0
spikeDown,448,256,00245207,0,1,1,4294967295,0,0
spikeUp,448,352,00353D11,0,1,1,4294967295,0,0
minispikeDown,560,256,003E9ACE,0,1,1,4294967295,0,0
minispikeDown,576,256,0020E254,0,1,1,4294967295,0,0
minispikeDown,544,256,00333F31,0,1,1,4294967295,0,0
spikeUp,288,208,000E551F,0,1,1,4294967295,0,0
spikeDown,288,272,00290C48,0,1,1,4294967295,0,0
spikeLeft,288,336,0039F75F,0,1,1,4294967295,0,0
spikeRight,352,336,00094D32,0,1,1,4294967295,0,0
spikeUp,320,304,00101417,0,1,1,4294967295,0,0
spikeRight,256,288,0030F7C7,0,1,1,4294967295,0,0
minispikeLeft,464,304,00095632,0,1,1,4294967295,0,0
minispikeLeft,464,320,003D26F9,0,1,1,4294967295,0,0
spikeLeft,160,576,001F866E,0,1,1,4294967295,0,0
spikeRight,128,576,0013733A,0,1,1,4294967295,0,0
spikeUp,464,192,00042037,0,1,1,4294967295,0,0
spikeUp,496,192,000DBB2B,0,1,1,4294967295,0,0
spikeUp,528,192,0006A9BC,0,1,1,4294967295,0,0
spikeUp,560,192,002CD2B8,0,1,1,4294967295,0,0
spikeDown,448,528,4188F969,0,1,1,4294967295,0,0
spikeDown,384,544,F4D2570E,0,1,1,4294967295,0,0
spikeRight,352,576,CF33B213,0,1,1,4294967295,0,0
spikeUp,288,544,9BE639A2,0,1,1,4294967295,0,0
spikeUp,224,544,648422EA,0,1,1,4294967295,0,0
spikeUp,256,576,540ACFA0,0,1,1,4294967295,0,0
minispikeDown,176,528,00C61311,0,1,1,4294967295,0,0
minispikeDown,128,528,2CB77458,0,1,1,4294967295,0,0
minispikeDown,192,528,0EAD1E25,0,1,1,4294967295,0,0
minispikeDown,112,528,EDC69AF3,0,1,1,4294967295,0,0
spikeDown,144,528,67D41DA0,0,1,1,4294967295,0,0
SpikeTrap,352,128,1911F962,0,1,1,4294967295,0,1
SpikeTrap,384,128,CE69B48E,0,1,1,4294967295,0,1
SpikeTrap,576,128,1CFEA96D,0,1,1,4294967295,0,1
SpikeTrap,544,128,2504F2DA,0,1,1,4294967295,0,1
SpikeTrap,672,128,C5690BB8,0,1,1,4294967295,0,1
camera,64,32,0031FB92,0,1,1,4294967295,0,0
DotkidCircle,32,32,003DE31F,0,1,1,4294967295,0,0
savePoint,48,64,000B681B,0,1,1,4294967295,0,0
savePoint,672,544,0032DC29,0,1,1,4294967295,0,0
savePoint,32,352,0013111B,0,1,1,4294967295,0,0
savePoint,608,192,003BBD38,0,1,1,4294967295,0,0
SecretItem,640,448,001F52E7,0,1,1,4294967295,0,0
playerStart,48,64,00351418,0,1,1,4294967295,0,0
SpikeTrigger,32,224,00199C73,0,1,1,4294967295,0,1
SpikeTrigger,512,256,00268574,0,1,1,4294967295,0,1
SpikeTrigger,-32,128,000DC930,0,1,1,4294967295,0,1
BlockDestroy,480,256,000DDD64,0,1,1,4294967295,0,1
BlockDestroy,448,256,001CEC43,0,1,1,4294967295,0,1
BlockDestroy,448,288,00015781,0,1,1,4294967295,0,1
BlockDestroy,448,320,001AEC06,0,1,1,4294967295,0,1
BlockDestroy,448,352,00067F22,0,1,1,4294967295,0,1
BlockDestroy,480,352,0006AE82,0,1,1,4294967295,0,1
BlockDestroy,672,416,003E8120,0,1,1,4294967295,0,1
DotkidLTG,640,368,00142660,0,1,1,4294967295,0,0
TitleCard,800,0,003A54C6,0,1,1,4294967295,0,0
block,192,576,001B2578,0,2,1,4294967295,0,0
block,32,576,0013B227,0,3,1,4294967295,0,0
block,0,160,00318775,0,1,14,4294967295,0,0
block,96,128,0011C6AC,0,4,1,4294967295,0,0
block,256,128,00039C36,0,1,2,4294967295,0,0
block,288,128,001D30C7,0,12,1,4294967295,0,0
block,672,128,002FF022,0,1,9,4294967295,0,0
block,672,448,001A9487,0,1,3,4294967295,0,0
block,64,496,00014FD3,0,19,1,4294967295,0,0
block,128,352,00055A01,0,1,4,4294967295,0,0
block,32,384,0000E410,0,1,1,4294967295,0,0
block,32,272,0039E4A3,0,6,1,4294967295,0,0
block,224,272,002F52B1,0,1,6,4294967295,0,0
block,256,368,002B48F3,0,4,1,4294967295,0,0
block,416,224,0025B8D9,0,7,1,4294967295,0,0
block,416,256,0005FDCE,0,1,7,4294967295,0,0
block,480,288,0006A587,0,2,1,4294967295,0,0
block,480,320,0012778B,0,1,1,4294967295,0,0
block,544,336,0004D6D9,0,1,1,4294967295,0,0
block,592,32,003E396B,0,3,1,4294967295,0,0
block,608,368,001EFA3A,0,1,1,4294967295,0,0
block,576,400,002DA4C4,0,1,1,4294967295,0,0
block,448,384,001E5E9D,0,2,1,4294967295,0,0
block,544,464,003DC3EB,0,1,1,4294967295,0,0
block,512,432,003878C5,0,1,1,4294967295,0,0
block,32,0,002386EC,0,24,1,4294967295,0,0
block,416,544,0012371E,0,1,1,4294967295,0,0
block,480,544,000D6903,0,1,1,4294967295,0,0
block,480,576,00121552,0,10,1,4294967295,0,0
block,320,336,003322EF,0,1,1,4294967295,0,0
block,288,240,00343B97,0,1,1,4294967295,0,0
block,0,96,00178AB4,0,3,2,4294967295,0,0
block,0,0,0010B655,0,1,3,4294967295,0,0
block,512,464,00102E88,0,1,1,4294967295,0,0
block,480,416,0024E332,0,1,1,4294967295,0,0
block,768,32,C135F528,0,1,17,4294967295,0,0
block,384,576,57D2B2FC,0,2,1,4294967295,0,0
block,288,576,1B208EF0,0,2,1,4294967295,0,0
