spikeUp,480,704,00380462,0,1,1,4294967295,0,0
spikeUp,512,704,0005F039,0,1,1,4294967295,0,0
spikeUp,544,704,0029B0E5,0,1,1,4294967295,0,0
spikeUp,576,704,0017ECBA,0,1,1,4294967295,0,0
spikeUp,608,704,001841A2,0,1,1,4294967295,0,0
spikeUp,640,704,003DA585,0,1,1,4294967295,0,0
spikeUp,32,768,004030CF,0,1,1,4294967295,0,0
spikeUp,128,768,003760D6,0,1,1,4294967295,0,0
BlockMoveX,416,768,00332F6E,0,1,1,4294967295,0,1
spikeUp,480,768,001319ED,0,1,1,4294967295,0,0
spikeRight,64,800,00347034,0,1,1,4294967295,0,0
BlockMoveX,416,800,000818C8,0,1,1,4294967295,0,1
spikeDown,32,832,002FA1B3,0,1,1,4294967295,0,0
spikeUp,96,864,00322E0F,0,1,1,4294967295,0,0
spikeLeft,64,896,00115BEE,0,1,1,4294967295,0,0
spikeRight,64,992,00315E78,0,1,1,4294967295,0,0
spikeLeft,64,1088,002F66DA,0,1,1,4294967295,0,0
spikeUp,352,1152,0016E639,0,1,1,4294967295,0,0
spikeUp,384,1152,001BB222,0,1,1,4294967295,0,0
spikeUp,384,1152,002435D7,0,1,1,4294967295,0,0
spikeUp,384,1152,0023BB6E,0,1,1,4294967295,0,0
spikeUp,384,1152,00059BB3,0,1,1,4294967295,0,0
spikeUp,448,1152,001B315E,0,1,1,4294967295,0,0
spikeUp,448,1152,003BA2DE,0,1,1,4294967295,0,0
spikeUp,448,1152,003F4C46,0,1,1,4294967295,0,0
spikeUp,448,1152,000D70FE,0,1,1,4294967295,0,0
spikeUp,480,1152,00294A1C,0,1,1,4294967295,0,0
spikeUp,480,1152,002BE193,0,1,1,4294967295,0,0
spikeUp,480,1152,0005FD9D,0,1,1,4294967295,0,0
spikeUp,480,1152,002894CC,0,1,1,4294967295,0,0
spikeUp,480,1152,000D02BC,0,1,1,4294967295,0,0
spikeUp,480,1152,003ECDEC,0,1,1,4294967295,0,0
spikeUp,544,1152,00120761,0,1,1,4294967295,0,0
spikeUp,544,1152,0017C853,0,1,1,4294967295,0,0
spikeUp,544,1152,000240C7,0,1,1,4294967295,0,0
spikeUp,544,1152,001EA1E9,0,1,1,4294967295,0,0
spikeUp,544,1152,002A461E,0,1,1,4294967295,0,0
spikeUp,576,1152,00297C5C,0,1,1,4294967295,0,0
spikeUp,576,1152,00144B5B,0,1,1,4294967295,0,0
spikeUp,576,1152,000B75BC,0,1,1,4294967295,0,0
spikeUp,576,1152,0023F9B9,0,1,1,4294967295,0,0
minispikeDown,480,608,00286F63,0,1,1,4294967295,0,0
minispikeDown,496,608,0008BEB4,0,1,1,4294967295,0,0
minispikeDown,512,608,001DA353,0,1,1,4294967295,0,0
minispikeDown,528,608,000F09D3,0,1,1,4294967295,0,0
minispikeDown,544,608,0004C92B,0,1,1,4294967295,0,0
minispikeDown,560,608,002644CD,0,1,1,4294967295,0,0
minispikeDown,576,608,000ED010,0,1,1,4294967295,0,0
minispikeDown,592,608,00002CB6,0,1,1,4294967295,0,0
minispikeDown,608,608,0014515C,0,1,1,4294967295,0,0
minispikeDown,624,608,002F1CC1,0,1,1,4294967295,0,0
minispikeDown,640,608,001133DB,0,1,1,4294967295,0,0
minispikeDown,656,608,001CA777,0,1,1,4294967295,0,0
SpikeTrap,416,1152,0017D70E,0,1,1,4294967295,0,1
SpikeTrap,512,1152,003E8CC6,0,1,1,4294967295,0,1
SpikeTrap,416,1056,000922CE,0,1,1,4294967295,0,1
SpikeTrap,512,1056,0019C194,0,1,1,4294967295,0,1
SpikeTrap,320,1152,00082453,0,1,1,4294967295,0,1
SpikeTrap,288,1152,00004D7A,0,1,1,4294967295,0,1
SpikeTrap,608,896,001319B7,0,1,1,4294967295,0,1
SpikeTrap,640,896,00352CFF,0,1,1,4294967295,0,1
SpikeTrap,624,800,0036C1C9,0,1,1,4294967295,0,1
SpikeTrap,224,992,00112E2A,0,1,1,4294967295,0,1
SpikeTrap,224,1024,000ABE20,0,1,1,4294967295,0,1
SpikeTrap,224,1056,00358C2F,0,1,1,4294967295,0,1
SpikeTrap,32,1184,001A291E,0,1,1,4294967295,0,1
SpikeTrap,96,928,00324AC3,0,1,1,4294967295,0,1
SpikeTrap,128,608,0033949F,0,1,1,4294967295,0,1
SpikeTrap,128,736,002A495A,0,1,1,4294967295,0,1
SpikeTrap,64,704,00281F5A,0,1,1,4294967295,0,1
SpikeTrap,96,704,002E34EA,0,1,1,4294967295,0,1
SpikeTrap,448,1056,0026DAEF,0,1,1,4294967295,0,1
SpikeTrap,480,1056,0002B6FC,0,1,1,4294967295,0,1
spikeUp,96,416,002E5B53,0,1,1,4294967295,0,0
spikeUp,64,416,0036904A,0,1,1,4294967295,0,0
spikeUp,224,416,00345C44,0,1,1,4294967295,0,0
spikeUp,256,416,00361B34,0,1,1,4294967295,0,0
spikeUp,320,320,0001DDF7,0,1,1,4294967295,0,0
spikeDown,64,240,001C3A80,0,1,1,4294967295,0,0
spikeRight,32,352,00338ADC,0,1,1,4294967295,0,0
LovetrapButton,32,256,001A4DC8,0,1,1,4294967295,0,0
spikeLeft,384,416,0022526B,0,1,1,4294967295,0,0
spikeRight,352,480,001C3BD8,0,1,1,4294967295,0,0
spikeLeft,288,352,003599E7,0,1,1,4294967295,0,0
spikeUp,192,416,002CF08B,0,1,1,4294967295,0,0
spikeDown,208,352,001F8C63,0,1,1,4294967295,0,0
spikeDown,128,352,0003553F,0,1,1,4294967295,0,0
spikeUp,128,448,00200F0B,0,1,1,4294967295,0,0
SpikeTrap,256,800,0015588A,0,1,1,4294967295,0,1
SpikeTrap,64,1184,F9E79A99,0,1,1,4294967295,0,1
SpikeTrap,160,1184,257696FA,0,1,1,4294967295,0,1
SpikeTrap,128,1184,78DE92B9,0,1,1,4294967295,0,1
SpikeTrap,320,704,ADB5B24C,0,1,1,4294967295,0,1
SpikeTrap,416,800,E29A91C4,0,1,1,4294967295,0,1
blockVis,480,608,002CD931,0,1,1,4294967295,0,1
blockVis,512,608,0032EC47,0,1,1,4294967295,0,1
blockVis,544,608,000D3054,0,1,1,4294967295,0,1
blockVis,576,608,00111225,0,1,1,4294967295,0,1
blockVis,640,608,0010CB6F,0,1,1,4294967295,0,1
blockVis,608,608,0022A21D,0,1,1,4294967295,0,1
blockVis,384,640,0034E66A,0,1,1,4294967295,0,1
blockVis,352,672,003F4FB0,0,1,1,4294967295,0,1
blockVis,384,672,00029A68,0,1,1,4294967295,0,1
blockNotVis,224,704,002009D6,0,1,1,4294967295,0,1
SoundPlayer,256,736,002CB56B,0,1,1,4294967295,0,1
platform,704,864,00206525,0,1,1,4294967295,0,0
blockVis,448,896,0015B38F,0,1,1,4294967295,0,1
blockNotVis,736,992,00064D42,0,1,1,4294967295,0,1
BlockMoveY,288,1184,00126901,0,1,1,4294967295,0,1
BlockMoveY,320,1184,00225D68,0,1,1,4294967295,0,1
BlockMoveY,416,1184,001BE030,0,1,1,4294967295,0,1
BlockMoveY,512,1184,00066F3C,0,1,1,4294967295,0,1
BlockMoveY,288,1216,003CAAD2,0,1,1,4294967295,0,1
BlockMoveY,320,1216,000FE5FC,0,1,1,4294967295,0,1
BlockMoveY,416,1216,0005073F,0,1,1,4294967295,0,1
BlockMoveY,512,1216,001F6720,0,1,1,4294967295,0,1
BlockMoveY,288,1248,0021474B,0,1,1,4294967295,0,1
BlockMoveY,320,1248,0012EA6D,0,1,1,4294967295,0,1
blockVis,384,608,0012CDE7,0,1,1,4294967295,0,1
camera,704,1120,003B4448,0,1,1,4294967295,0,0
SoundPlayer,544,1056,00345300,0,2,1,4294967295,0,1
SoundPlayer,384,1024,00011721,0,1,5,4294967295,0,1
LovetrapAchievementTrigger,576,832,002BA6C1,0,1,1,4294967295,0,0
FakeWarp,720,656,000623DC,0,1,1,4294967295,0,1
savePoint,704,1152,003385E9,0,1,1,4294967295,0,0
LovetrapCherry,288,848,0007B1D5,0,1,1,4294967295,0,0
LovetrapCherry,496,912,0000AC2B,0,1,1,4294967295,0,0
SpikeTrigger,544,1056,0000C5D5,0,2,1,4294967295,0,1
SpikeTrigger,384,1024,00100433,0,1,5,4294967295,0,1
playerStart,736,1152,00124199,0,1,1,4294967295,0,0
SpikeTrigger,704,832,001DF179,0,1,1,4294967295,0,1
SpikeTrigger,512,768,001E61D6,0,1,1,4294967295,0,1
SpikeTrigger,160,896,002302A8,0,2,1,4294967295,0,1
SpikeTrigger,112,1120,0005BDD1,0,1,2,4294967295,0,1
SpikeTrigger,80,1008,003DE2F6,0,1,3,4294967295,0,1
SpikeTrigger,224,640,001DDD7C,0,1,2,4294967295,0,1
SpikeTrigger,256,736,003485ED,0,1,1,4294967295,0,1
SpikeTrigger,800,768,0039A36E,0,1,1,4294967295,0,1
BlockDestroy,608,864,001F7C60,0,1,1,4294967295,0,1
BlockDestroy,640,864,00342310,0,1,1,4294967295,0,1
BlockDestroy,608,896,00095A2F,0,1,1,4294967295,0,1
BlockDestroy,640,896,002E3438,0,1,1,4294967295,0,1
objwater2,384,640,0028C755,0,1,1,4294967295,0,0
objwater2,544,640,0002C0FF,0,1,1,4294967295,0,0
objwater2,576,640,000275AE,0,1,1,4294967295,0,0
objwater2,32,672,00336CBB,0,1,1,4294967295,0,0
objwater2,64,672,00384D48,0,1,1,4294967295,0,0
objwater2,96,672,00240EBE,0,1,1,4294967295,0,0
objwater2,128,672,00278121,0,1,1,4294967295,0,0
objwater2,160,672,0031B90E,0,1,1,4294967295,0,0
objwater2,192,672,000138B2,0,1,1,4294967295,0,0
objwater2,224,672,002EFFD0,0,1,1,4294967295,0,0
objwater2,256,672,000801B2,0,1,1,4294967295,0,0
objwater2,288,672,00232410,0,1,1,4294967295,0,0
objwater2,320,672,002969DA,0,1,1,4294967295,0,0
objwater2,384,672,00381B90,0,1,1,4294967295,0,0
objwater2,352,672,004033F2,0,1,1,4294967295,0,0
objwater2,416,672,000C4680,0,1,1,4294967295,0,0
objwater2,448,672,001D1A0E,0,1,1,4294967295,0,0
objwater2,32,704,003DA293,0,1,1,4294967295,0,0
objwater2,224,704,000C25FE,0,1,1,4294967295,0,0
objwater2,448,704,0029FB6D,0,1,1,4294967295,0,0
objwater2,32,736,0037DF5E,0,1,1,4294967295,0,0
objwater2,224,736,00148065,0,1,1,4294967295,0,0
objwater2,448,736,0007EBD9,0,1,1,4294967295,0,0
objwater2,32,768,002E3588,0,1,1,4294967295,0,0
objwater2,96,768,00335805,0,1,1,4294967295,0,0
objwater2,128,768,0007139C,0,1,1,4294967295,0,0
objwater2,160,768,001FC5BF,0,1,1,4294967295,0,0
objwater2,192,768,00091E78,0,1,1,4294967295,0,0
objwater2,224,768,000D6632,0,1,1,4294967295,0,0
objwater2,448,768,003AA889,0,1,1,4294967295,0,0
objwater2,480,768,002B9081,0,1,1,4294967295,0,0
objwater2,544,768,003B4177,0,1,1,4294967295,0,0
objwater2,512,768,001D5299,0,1,1,4294967295,0,0
objwater2,576,768,0003F0E6,0,1,1,4294967295,0,0
objwater2,608,768,00352700,0,1,1,4294967295,0,0
objwater2,640,768,003E23FB,0,1,1,4294967295,0,0
objwater2,672,768,00229A72,0,1,1,4294967295,0,0
objwater2,704,768,0024CAC1,0,1,1,4294967295,0,0
objwater2,32,800,003C8265,0,1,1,4294967295,0,0
objwater2,96,800,002808D4,0,1,1,4294967295,0,0
objwater2,704,800,002B9BBF,0,1,1,4294967295,0,0
objwater2,32,832,0031B015,0,1,1,4294967295,0,0
objwater2,96,832,001D4FB2,0,1,1,4294967295,0,0
objwater2,192,832,0033E959,0,1,1,4294967295,0,0
objwater2,224,832,003BAC01,0,1,1,4294967295,0,0
objwater2,256,832,003FFDAD,0,1,1,4294967295,0,0
objwater2,288,832,00097B68,0,1,1,4294967295,0,0
objwater2,320,832,002EE0E5,0,1,1,4294967295,0,0
objwater2,352,832,002D41F8,0,1,1,4294967295,0,0
objwater2,384,832,003CAD59,0,1,1,4294967295,0,0
objwater2,416,864,001A088D,0,1,1,4294967295,0,0
objwater2,448,832,001B8207,0,1,1,4294967295,0,0
objwater2,480,832,001B8658,0,1,1,4294967295,0,0
objwater2,512,832,00261D5D,0,1,1,4294967295,0,0
objwater2,544,832,000A671F,0,1,1,4294967295,0,0
objwater2,576,832,0027FA7C,0,1,1,4294967295,0,0
objwater2,608,832,002D0357,0,1,1,4294967295,0,0
objwater2,640,832,002ECE33,0,1,1,4294967295,0,0
objwater2,672,832,00024824,0,1,1,4294967295,0,0
objwater2,704,832,00263AB7,0,1,1,4294967295,0,0
objwater2,32,864,002AEAE2,0,1,1,4294967295,0,0
objwater2,96,864,001F5949,0,1,1,4294967295,0,0
objwater2,192,864,001E5BAD,0,1,1,4294967295,0,0
objwater2,256,864,0006CDD8,0,1,1,4294967295,0,0
objwater2,288,864,00215450,0,1,1,4294967295,0,0
objwater2,320,864,002109F3,0,1,1,4294967295,0,0
objwater2,352,864,003CAA3D,0,1,1,4294967295,0,0
objwater2,384,864,00240C92,0,1,1,4294967295,0,0
objwater2,416,832,0011406A,0,1,1,4294967295,0,0
objwater2,608,864,0024F9EB,0,2,2,4294967295,0,1
objwater2,32,896,003B6727,0,1,1,4294967295,0,0
objwater2,96,896,0010E873,0,1,1,4294967295,0,0
objwater2,192,896,00313E60,0,1,1,4294967295,0,0
objwater2,256,896,000AE8FF,0,1,1,4294967295,0,0
objwater2,288,896,00070FCD,0,1,1,4294967295,0,0
objwater2,320,896,0004699E,0,1,1,4294967295,0,0
objwater2,352,896,00299142,0,1,1,4294967295,0,0
objwater2,384,896,000B3221,0,1,1,4294967295,0,0
objwater2,416,896,00359DDB,0,1,1,4294967295,0,0
objwater2,448,896,002B2DBF,0,1,1,4294967295,0,0
objwater2,480,896,003BC12C,0,1,1,4294967295,0,0
objwater2,512,896,002E2F2D,0,1,1,4294967295,0,0
objwater2,544,896,000A8739,0,1,1,4294967295,0,0
objwater2,32,928,003C7547,0,1,1,4294967295,0,0
objwater2,96,928,000FD094,0,1,1,4294967295,0,0
objwater2,192,928,0013E367,0,1,1,4294967295,0,0
objwater2,544,928,00198542,0,1,1,4294967295,0,0
objwater2,32,960,001957B7,0,1,1,4294967295,0,0
objwater2,96,960,003D3D0B,0,1,1,4294967295,0,0
objwater2,192,960,002F843B,0,1,1,4294967295,0,0
objwater2,544,960,0023EFDF,0,1,1,4294967295,0,0
objwater2,32,992,003B3110,0,1,1,4294967295,0,0
objwater2,96,992,001B442E,0,1,1,4294967295,0,0
objwater2,192,992,0024E0B7,0,1,1,4294967295,0,0
objwater2,544,992,00228C3F,0,1,1,4294967295,0,0
objwater2,32,1024,003CDD67,0,1,1,4294967295,0,0
objwater2,96,1024,00300803,0,1,1,4294967295,0,0
objwater2,192,1024,00313755,0,1,1,4294967295,0,0
objwater2,544,1024,001C7120,0,1,1,4294967295,0,0
objwater2,32,1056,00208559,0,1,1,4294967295,0,0
objwater2,96,1056,00101BBB,0,1,1,4294967295,0,0
objwater2,192,1056,00210197,0,1,1,4294967295,0,0
objwater2,544,1056,0032AE49,0,1,1,4294967295,0,0
objwater2,32,1088,00221E46,0,1,1,4294967295,0,0
objwater2,96,1088,0009DF4D,0,1,1,4294967295,0,0
objwater2,192,1088,001C52FB,0,1,1,4294967295,0,0
objwater2,288,1088,0005065B,0,1,1,4294967295,0,0
objwater2,320,1088,000DB00D,0,1,1,4294967295,0,0
objwater2,352,1088,00236EA9,0,1,1,4294967295,0,0
objwater2,384,1088,001D8AD6,0,1,1,4294967295,0,0
objwater2,416,1088,0034147C,0,1,1,4294967295,0,0
objwater2,448,1088,001EA10F,0,1,1,4294967295,0,0
objwater2,480,1088,003E689B,0,1,1,4294967295,0,0
objwater2,512,1088,001FA2F8,0,1,1,4294967295,0,0
objwater2,544,1088,003162E2,0,1,1,4294967295,0,0
objwater2,576,1088,003779E2,0,1,1,4294967295,0,0
objwater2,32,1120,003F49B5,0,1,1,4294967295,0,0
objwater2,96,1120,001E1A96,0,1,1,4294967295,0,0
objwater2,192,1120,002D2878,0,1,1,4294967295,0,0
objwater2,288,1120,001814BF,0,1,1,4294967295,0,1
objwater2,320,1120,0027481E,0,1,1,4294967295,0,1
objwater2,352,1120,0011ADA0,0,1,1,4294967295,0,0
objwater2,384,1120,0030F01B,0,1,1,4294967295,0,0
objwater2,416,1120,00049ABD,0,1,1,4294967295,0,0
objwater2,448,1120,001FAF43,0,1,1,4294967295,0,0
objwater2,480,1120,00251A9F,0,1,1,4294967295,0,0
objwater2,512,1120,001240B3,0,1,1,4294967295,0,0
objwater2,544,1120,001E5C67,0,1,1,4294967295,0,0
objwater2,576,1120,00053CC1,0,1,1,4294967295,0,0
objwater2,32,1152,002BE49E,0,1,1,4294967295,0,0
objwater2,64,1152,00343C26,0,1,1,4294967295,0,0
objwater2,96,1152,00034912,0,1,1,4294967295,0,0
objwater2,128,1152,00144F6B,0,1,1,4294967295,0,0
objwater2,160,1152,00382549,0,1,1,4294967295,0,0
objwater2,192,1152,001BE0AC,0,1,1,4294967295,0,0
objwater2,288,1152,0018929B,0,1,1,4294967295,0,1
objwater2,320,1152,00220880,0,1,1,4294967295,0,1
objwater2,352,1152,00381A1C,0,1,1,4294967295,0,0
objwater2,384,1152,0033E7C2,0,1,1,4294967295,0,0
objwater2,416,1152,002EAC4F,0,1,1,4294967295,0,1
objwater2,448,1152,00247284,0,1,1,4294967295,0,0
objwater2,480,1152,00181540,0,1,1,4294967295,0,0
objwater2,512,1152,001FDED5,0,1,1,4294967295,0,1
objwater2,544,1152,0006B2AD,0,1,1,4294967295,0,0
objwater2,576,1152,00168105,0,1,1,4294967295,0,0
objwater2,384,608,003396AB,0,1,1,4294967295,0,0
objwater2,384,576,001CB774,0,1,1,4294967295,0,0
objwater2,384,544,000A5B8E,0,1,1,4294967295,0,0
objwater2,384,512,0017E316,0,1,1,4294967295,0,0
objwater2,384,480,002E6E49,0,1,1,4294967295,0,0
objwater2,384,448,002FF56C,0,1,1,4294967295,0,0
objwater2,384,416,001710A1,0,1,1,4294967295,0,0
objwater2,384,352,0037061F,0,1,1,4294967295,0,0
objwater2,384,384,00254AA0,0,1,1,4294967295,0,0
objwater2,384,320,003FF0D7,0,1,1,4294967295,0,0
objwater2,384,288,00135911,0,1,1,4294967295,0,0
objwater2,384,256,00248F7F,0,1,1,4294967295,0,0
objwater2,384,224,002C3363,0,1,1,4294967295,0,0
objwater2,384,192,003B3909,0,1,1,4294967295,0,0
objwater2,384,160,000F1071,0,1,1,4294967295,0,0
objwater2,384,32,0020C451,0,1,1,4294967295,0,0
objwater2,384,64,002839B4,0,1,1,4294967295,0,0
objwater2,384,96,0005C698,0,1,1,4294967295,0,0
objwater2,384,128,0001803B,0,1,1,4294967295,0,0
objwater2,384,0,003EA5C7,0,1,1,4294967295,0,0
TitleCard,800,608,00299181,0,1,1,4294967295,0,0
block,32,608,0027B489,0,10,1,4294967295,0,0
block,0,640,00378A0A,0,1,17,4294967295,0,0
block,768,640,0014252B,0,1,17,4294967295,0,0
block,672,704,002AC3E0,0,3,1,4294967295,0,0
block,256,768,002D26AF,0,1,2,4294967295,0,0
block,32,800,001F1F0A,0,1,1,4294967295,0,0
block,128,800,00091761,0,1,10,4294967295,0,0
block,160,800,003E77E7,0,3,1,4294967295,0,0
block,416,800,0018D259,0,9,1,4294967295,0,0
block,448,864,0032AB85,0,4,1,4294967295,0,0
block,576,864,003829E5,0,1,3,4294967295,0,0
block,96,896,0015270B,0,1,1,4294967295,0,0
block,256,928,003DFD39,0,9,1,4294967295,0,0
block,32,992,002EEE95,0,1,1,4294967295,0,0
block,288,992,00183769,0,14,1,4294967295,0,0
block,608,1056,002D15A2,0,3,4,4294967295,0,0
block,96,1088,002E6D47,0,1,1,4294967295,0,0
block,32,1184,0003B3E8,0,6,1,4294967295,0,0
block,352,1184,001C99D6,0,2,1,4294967295,0,0
block,448,1184,003A3F93,0,2,1,4294967295,0,0
block,320,352,003CF9BA,0,1,7,4294967295,0,0
block,416,256,003E5D1A,0,1,14,4294967295,0,0
block,256,224,0009315F,0,5,1,4294967295,0,0
block,352,576,00280946,0,1,3,4294967295,0,0
block,160,448,00216064,0,5,1,4294967295,0,0
block,64,448,0019587F,0,2,1,4294967295,0,0
block,32,288,001A7435,0,2,1,4294967295,0,0
block,32,416,00075490,0,1,1,4294967295,0,0
block,32,224,002AAF6F,0,3,1,4294967295,0,0
block,128,480,000F3572,0,1,1,4294967295,0,0
block,544,1184,AE69E020,0,7,1,4294967295,0,0
block,736,832,1E41BBA6,0,1,4,4294967295,0,0
block,672,864,1FB1D0A1,0,1,3,4294967295,0,0
block,608,928,79837FD3,0,2,1,4294967295,0,0
block,416,1024,BBADB30C,0,4,1,4294967295,0,0
block,224,1056,AE151D06,0,2,4,4294967295,0,0
block,224,864,8402724B,0,1,6,4294967295,0,0
block,64,704,14CC00B3,0,5,1,4294967295,0,0
block,256,704,90B20C50,0,6,1,4294967295,0,0
block,480,736,1FC502CD,0,7,1,4294967295,0,0
block,672,608,E50C049E,0,3,1,4294967295,0,0
block,480,576,15B84338,0,6,1,4294967295,0,0
block,448,608,53D9C846,0,1,1,4294967295,0,0
block,0,256,6E292A03,0,1,5,4294967295,0,0
block,128,256,9398612D,0,4,3,4294967295,0,0
