PDTile,192,128,0,0,32,32,0,1,1,4294967295
PDTile,192,224,0,0,32,32,0,1,1,4294967295
PDTile,192,256,0,0,32,32,0,1,1,4294967295
PDTile,192,288,0,0,32,32,0,1,1,4294967295
PDTile,192,320,0,0,32,32,0,1,1,4294967295
PDTile,192,352,0,0,32,32,0,1,1,4294967295
PDTile,192,384,0,0,32,32,0,1,1,4294967295
PDTile,192,416,0,0,32,32,0,1,1,4294967295
PDTile,192,448,0,0,32,32,0,1,1,4294967295
PDTile,224,448,0,0,32,32,0,1,1,4294967295
PDTile,256,448,0,0,32,32,0,1,1,4294967295
PDTile,288,448,0,0,32,32,0,1,1,4294967295
PDTile,384,448,0,0,32,32,0,1,1,4294967295
PDTile,416,448,0,0,32,32,0,1,1,4294967295
PDTile,448,448,0,0,32,32,0,1,1,4294967295
PDTile,480,448,0,0,32,32,0,1,1,4294967295
PDTile,512,448,0,0,32,32,0,1,1,4294967295
PDTile,544,448,0,0,32,32,0,1,1,4294967295
PDTile,576,448,0,0,32,32,0,1,1,4294967295
PDTile,576,416,0,0,32,32,0,1,1,4294967295
PDTile,576,384,0,0,32,32,0,1,1,4294967295
PDTile,576,352,0,0,32,32,0,1,1,4294967295
PDTile,576,320,0,0,32,32,0,1,1,4294967295
PDTile,576,288,0,0,32,32,0,1,1,4294967295
PDTile,576,256,0,0,32,32,0,1,1,4294967295
PDTile,576,224,0,0,32,32,0,1,1,4294967295
PDTile,576,192,0,0,32,32,0,1,1,4294967295
PDTile,576,160,0,0,32,32,0,1,1,4294967295
PDTile,576,128,0,0,32,32,0,1,1,4294967295
PDTile,544,128,0,0,32,32,0,1,1,4294967295
PDTile,512,128,0,0,32,32,0,1,1,4294967295
PDTile,480,128,0,0,32,32,0,1,1,4294967295
PDTile,448,128,0,0,32,32,0,1,1,4294967295
PDTile,416,128,0,0,32,32,0,1,1,4294967295
PDTile,384,128,0,0,32,32,0,1,1,4294967295
PDTile,352,128,0,0,32,32,0,1,1,4294967295
PDTile,320,128,0,0,32,32,0,1,1,4294967295
PDTile,288,128,0,0,32,32,0,1,1,4294967295
PDTile,256,128,0,0,32,32,0,1,1,4294967295
PDTile,224,128,0,0,32,32,0,1,1,4294967295
PDTile,256,320,0,0,32,32,0,1,1,4294967295
PDTile,224,224,0,0,32,32,0,1,1,4294967295
PDTile,320,160,0,0,32,32,0,1,1,4294967295
PDTile,320,192,0,0,32,32,0,1,1,4294967295
PDTile,320,224,0,0,32,32,0,1,1,4294967295
PDTile,320,256,0,0,32,32,0,1,1,4294967295
PDTile,320,288,0,0,32,32,0,1,1,4294967295
PDTile,320,320,0,0,32,32,0,1,1,4294967295
PDTile,320,352,0,0,32,32,0,1,1,4294967295
PDTile,320,384,0,0,32,32,0,1,1,4294967295
PDTile,480,352,0,0,32,32,0,1,1,4294967295
PDTile,480,384,0,0,32,32,0,1,1,4294967295
PDTile,480,416,0,0,32,32,0,1,1,4294967295
PDTile,416,384,0,0,32,32,0,1,1,4294967295
PDTile,416,352,0,0,32,32,0,1,1,4294967295
PDTile,416,320,0,0,32,32,0,1,1,4294967295
PDTile,448,320,0,0,32,32,0,1,1,4294967295
PDTile,448,352,0,0,32,32,0,1,1,4294967295
PDTile,416,416,0,0,32,32,0,1,1,4294967295
PDTile,448,288,0,0,32,32,0,1,1,4294967295
PDTile,448,256,0,0,32,32,0,1,1,4294967295
PDTile,480,256,0,0,32,32,0,1,1,4294967295
PDTile,544,352,0,0,32,32,0,1,1,4294967295
PDTile,544,160,0,0,32,32,0,1,1,4294967295
PDTile,992,448,0,0,32,32,0,1,1,4294967295
PDTile,1024,448,0,0,32,32,0,1,1,4294967295
PDTile,1056,448,0,0,32,32,0,1,1,4294967295
PDTile,1088,448,0,0,32,32,0,1,1,4294967295
PDTile,1120,448,0,0,32,32,0,1,1,4294967295
PDTile,1152,448,0,0,32,32,0,1,1,4294967295
PDTile,1184,448,0,0,32,32,0,1,1,4294967295
PDTile,1216,448,0,0,32,32,0,1,1,4294967295
PDTile,1248,448,0,0,32,32,0,1,1,4294967295
PDTile,1280,448,0,0,32,32,0,1,1,4294967295
PDTile,1312,448,0,0,32,32,0,1,1,4294967295
PDTile,1344,448,0,0,32,32,0,1,1,4294967295
PDTile,1376,448,0,0,32,32,0,1,1,4294967295
PDTile,1376,416,0,0,32,32,0,1,1,4294967295
PDTile,1376,384,0,0,32,32,0,1,1,4294967295
PDTile,1376,352,0,0,32,32,0,1,1,4294967295
PDTile,1376,320,0,0,32,32,0,1,1,4294967295
PDTile,1376,288,0,0,32,32,0,1,1,4294967295
PDTile,1376,256,0,0,32,32,0,1,1,4294967295
PDTile,1376,224,0,0,32,32,0,1,1,4294967295
PDTile,1376,192,0,0,32,32,0,1,1,4294967295
PDTile,1376,160,0,0,32,32,0,1,1,4294967295
PDTile,1376,128,0,0,32,32,0,1,1,4294967295
PDTile,1344,128,0,0,32,32,0,1,1,4294967295
PDTile,1312,128,0,0,32,32,0,1,1,4294967295
PDTile,1280,128,0,0,32,32,0,1,1,4294967295
PDTile,1248,128,0,0,32,32,0,1,1,4294967295
PDTile,1216,128,0,0,32,32,0,1,1,4294967295
PDTile,1152,128,0,0,32,32,0,1,1,4294967295
PDTile,1120,128,0,0,32,32,0,1,1,4294967295
PDTile,1088,128,0,0,32,32,0,1,1,4294967295
PDTile,1056,128,0,0,32,32,0,1,1,4294967295
PDTile,1024,128,0,0,32,32,0,1,1,4294967295
PDTile,992,128,0,0,32,32,0,1,1,4294967295
PDTile,992,160,0,0,32,32,0,1,1,4294967295
PDTile,992,192,0,0,32,32,0,1,1,4294967295
PDTile,992,224,0,0,32,32,0,1,1,4294967295
PDTile,992,256,0,0,32,32,0,1,1,4294967295
PDTile,992,288,0,0,32,32,0,1,1,4294967295
PDTile,992,320,0,0,32,32,0,1,1,4294967295
PDTile,992,352,0,0,32,32,0,1,1,4294967295
PDTile,992,384,0,0,32,32,0,1,1,4294967295
PDTile,1184,320,0,0,32,32,0,1,1,4294967295
PDTile,1184,288,0,0,32,32,0,1,1,4294967295
PDTile,1184,256,0,0,32,32,0,1,1,4294967295
PDTile,1184,224,0,0,32,32,0,1,1,4294967295
PDTile,1184,192,0,0,32,32,0,1,1,4294967295
PDTile,1184,160,0,0,32,32,0,1,1,4294967295
PDTile,1184,128,0,0,32,32,0,1,1,4294967295
