spikeLeft,192,416,0027D343,0,1,1,4294967295,0,0
spikeLeft,224,288,002E09C0,0,1,1,4294967295,0,0
spikeLeft,64,448,002B737A,0,1,1,4294967295,0,0
spikeLeft,96,320,000090B3,0,1,1,4294967295,0,0
spikeLeft,608,320,00169485,0,1,1,4294967295,0,0
spikeLeft,480,320,002FEF3F,0,1,1,4294967295,0,0
spikeUp,128,160,00354FFC,0,1,1,4294967295,0,0
spikeUp,160,160,002422F6,0,1,1,4294967295,0,0
spikeUp,96,160,00359B53,0,1,1,4294967295,0,0
spikeDown,96,64,002A5A34,0,1,1,4294967295,0,0
spikeDown,128,64,00200B07,0,1,1,4294967295,0,0
spikeDown,160,64,001CB8D0,0,1,1,4294967295,0,0
spikeRight,192,192,00042C46,0,1,1,4294967295,0,0
spikeUp,592,192,001A9874,0,1,1,4294967295,0,0
spikeUp,560,192,0005314D,0,1,1,4294967295,0,0
spikeRight,192,320,001C06AD,0,1,1,4294967295,0,0
spikeRight,320,288,0025EAD8,0,1,1,4294967295,0,0
spikeRight,288,416,0038F5AE,0,1,1,4294967295,0,0
spikeRight,160,448,001C5D54,0,1,1,4294967295,0,0
spikeUp,224,544,000243AB,0,1,1,4294967295,0,0
spikeUp,192,544,0025D558,0,1,1,4294967295,0,0
spikeUp,160,544,003F53A7,0,1,1,4294967295,0,0
spikeUp,96,544,003BAC38,0,1,1,4294967295,0,0
spikeUp,64,544,003022BF,0,1,1,4294967295,0,0
spikeUp,128,544,00095163,0,1,1,4294967295,0,0
spikeUp,256,544,002C7B0B,0,1,1,4294967295,0,0
spikeUp,288,544,00003DD7,0,1,1,4294967295,0,0
spikeRight,64,384,001ADBD4,0,1,1,4294967295,0,0
spikeDown,128,224,00382C2A,0,1,1,4294967295,0,0
spikeUp,160,288,00389594,0,1,1,4294967295,0,0
spikeDown,160,352,0032650D,0,1,1,4294967295,0,0
spikeDown,128,352,000748F0,0,1,1,4294967295,0,0
spikeUp,256,384,0014F451,0,1,1,4294967295,0,0
spikeRight,576,320,0001D958,0,1,1,4294967295,0,0
spikeUp,512,480,00028615,0,1,1,4294967295,0,0
spikeUp,544,480,001493A3,0,1,1,4294967295,0,0
spikeRight,512,416,00362FC1,0,1,1,4294967295,0,0
spikeDown,544,352,000BDB4F,0,1,1,4294967295,0,0
spikeUp,640,544,001CC7FE,0,1,1,4294967295,0,0
spikeUp,672,544,00195D2A,0,1,1,4294967295,0,0
spikeUp,704,544,003271C3,0,1,1,4294967295,0,0
spikeRight,576,512,00328B88,0,1,1,4294967295,0,0
spikeUp,448,384,0009BAF9,0,1,1,4294967295,0,0
spikeRight,432,448,00222A6A,0,1,1,4294967295,0,0
spikeDown,592,256,001353B6,0,1,1,4294967295,0,0
spikeDown,672,352,000D6ACF,0,1,1,4294967295,0,0
spikeRight,704,320,003A83E8,0,1,1,4294967295,0,0
SpikeTrap,624,416,002E8862,0,1,1,4294967295,0,1
SpikeTrap,128,448,00044586,0,1,1,4294967295,0,1
SpikeTrap,32,256,00089B23,0,1,1,4294967295,0,1
SpikeTrap,288,288,0019E75F,0,1,1,4294967295,0,1
SpikeTrap,528,192,002A5BDA,0,1,1,4294967295,0,1
warp,480,128,000740CD,0,1,1,4294967295,0,1
RTGSpikeWall,384,288,001E1B88,0,1,1,4294967295,0,0
savePoint,16,32,0004D13A,0,1,1,4294967295,0,0
SpikeTrigger,192,192,001F86F9,0,1,1,4294967295,0,1
SpikeTrigger,512,256,003B6A26,0,1,1,4294967295,0,1
playerStart,0,160,0015B5E8,0,1,1,4294967295,0,0
TitleCard,800,0,000C5399,0,1,1,4294967295,0,0
block,64,32,00363D3D,0,21,1,4294967295,0,0
block,32,224,0003F953,0,1,11,4294967295,0,0
block,64,576,00179B90,0,21,1,4294967295,0,0
block,736,64,001F5FA7,0,1,16,4294967295,0,0
block,-32,32,000E9DC8,0,1,5,4294967295,0,0
block,256,288,0019E176,0,2,1,4294967295,0,0
block,128,320,00212E6C,0,2,1,4294967295,0,0
block,256,512,0013F215,0,2,1,4294967295,0,0
block,512,512,003A21C9,0,2,1,4294967295,0,0
block,512,320,003309EA,0,2,1,4294967295,0,0
block,640,320,002A3E4C,0,2,1,4294967295,0,0
block,0,0,CB675F0C,0,2,1,4294967295,0,0
block,0,192,F27A6C07,0,6,1,4294967295,0,0
block,432,224,3D0B90F2,0,6,1,4294967295,0,0
block,448,416,793E94F9,0,2,1,4294967295,0,0
block,608,448,03AC3F67,0,2,1,4294967295,0,0
block,224,416,F61D36C3,0,2,1,4294967295,0,0
block,96,448,5B8EC74F,0,2,1,4294967295,0,0
block,368,64,78AD84BB,0,2,15.125,4294967295,0,0
