VHSGMTileSet,0,480,0,0,32,32,0,1,1,4294967295
VHSGMTileSet,32,480,0,0,32,32,0,1,1,4294967295
VHSGMTileSet,64,480,0,0,32,32,0,1,1,4294967295
VHSGMTileSet,96,480,0,0,32,32,0,1,1,4294967295
VHSGMTileSet,128,480,0,0,32,32,0,1,1,4294967295
VHSGMTileSet,160,480,0,0,32,32,0,1,1,4294967295
VHSGMTileSet,128,512,0,0,32,32,0,1,1,4294967295
VHSGMTileSet,0,512,0,0,32,32,0,1,1,4294967295
VHSGMTileSet,0,544,0,0,32,32,0,1,1,4294967295
VHSGMTileSet,0,576,0,0,32,32,0,1,1,4294967295
VHSGMTileSet,32,576,0,0,32,32,0,1,1,4294967295
VHSGMTileSet,64,576,0,0,32,32,0,1,1,4294967295
VHSGMTileSet,96,576,0,0,32,32,0,1,1,4294967295
VHSGMTileSet,128,576,0,0,32,32,0,1,1,4294967295
VHSGMTileSet,160,576,0,0,32,32,0,1,1,4294967295
VHSGMTileSet,192,576,0,0,32,32,0,1,1,4294967295
VHSGMTileSet,224,576,0,0,32,32,0,1,1,4294967295
VHSGMTileSet,256,576,0,0,32,32,0,1,1,4294967295
VHSGMTileSet,288,576,0,0,32,32,0,1,1,4294967295
VHSGMTileSet,320,560,0,0,32,32,0,1,1,4294967295
VHSGMTileSet,352,560,0,0,32,32,0,1,1,4294967295
VHSGMTileSet,384,576,0,0,32,32,0,1,1,4294967295
VHSGMTileSet,416,576,0,0,32,32,0,1,1,4294967295
VHSGMTileSet,448,576,0,0,32,32,0,1,1,4294967295
VHSGMTileSet,480,576,0,0,32,32,0,1,1,4294967295
VHSGMTileSet,512,576,0,0,32,32,0,1,1,4294967295
VHSGMTileSet,544,576,0,0,32,32,0,1,1,4294967295
VHSGMTileSet,640,576,0,0,32,32,0,1,1,4294967295
VHSGMTileSet,672,576,0,0,32,32,0,1,1,4294967295
VHSGMTileSet,704,576,0,0,32,32,0,1,1,4294967295
VHSGMTileSet,736,576,0,0,32,32,0,1,1,4294967295
VHSGMTileSet,768,576,0,0,32,32,0,1,1,4294967295
VHSGMTileSet,768,544,0,0,32,32,0,1,1,4294967295
VHSGMTileSet,768,512,0,0,32,32,0,1,1,4294967295
VHSGMTileSet,768,480,0,0,32,32,0,1,1,4294967295
VHSGMTileSet,768,448,0,0,32,32,0,1,1,4294967295
VHSGMTileSet,768,416,0,0,32,32,0,1,1,4294967295
VHSGMTileSet,768,384,0,0,32,32,0,1,1,4294967295
VHSGMTileSet,768,352,0,0,32,32,0,1,1,4294967295
VHSGMTileSet,768,320,0,0,32,32,0,1,1,4294967295
VHSGMTileSet,768,288,0,0,32,32,0,1,1,4294967295
VHSGMTileSet,768,256,0,0,32,32,0,1,1,4294967295
VHSGMTileSet,768,224,0,0,32,32,0,1,1,4294967295
VHSGMTileSet,768,192,0,0,32,32,0,1,1,4294967295
VHSGMTileSet,768,160,0,0,32,32,0,1,1,4294967295
VHSGMTileSet,768,128,0,0,32,32,0,1,1,4294967295
VHSGMTileSet,768,0,0,0,32,32,0,1,1,4294967295
VHSGMTileSet,768,32,0,0,32,32,0,1,1,4294967295
VHSGMTileSet,768,64,0,0,32,32,0,1,1,4294967295
VHSGMTileSet,768,96,0,0,32,32,0,1,1,4294967295
VHSGMTileSet,736,0,0,0,32,32,0,1,1,4294967295
VHSGMTileSet,704,0,0,0,32,32,0,1,1,4294967295
VHSGMTileSet,672,0,0,0,32,32,0,1,1,4294967295
VHSGMTileSet,640,0,0,0,32,32,0,1,1,4294967295
VHSGMTileSet,608,0,0,0,32,32,0,1,1,4294967295
VHSGMTileSet,576,0,0,0,32,32,0,1,1,4294967295
VHSGMTileSet,544,0,0,0,32,32,0,1,1,4294967295
VHSGMTileSet,512,0,0,0,32,32,0,1,1,4294967295
VHSGMTileSet,480,0,0,0,32,32,0,1,1,4294967295
VHSGMTileSet,448,0,0,0,32,32,0,1,1,4294967295
VHSGMTileSet,416,0,0,0,32,32,0,1,1,4294967295
VHSGMTileSet,384,0,0,0,32,32,0,1,1,4294967295
VHSGMTileSet,192,0,0,0,32,32,0,1,1,4294967295
VHSGMTileSet,160,0,0,0,32,32,0,1,1,4294967295
VHSGMTileSet,0,0,0,0,32,32,0,1,1,4294967295
VHSGMTileSet,0,32,0,0,32,32,0,1,1,4294967295
VHSGMTileSet,0,64,0,0,32,32,0,1,1,4294967295
VHSGMTileSet,384,96,0,0,32,32,0,1,1,4294967295
VHSGMTileSet,384,64,0,0,32,32,0,1,1,4294967295
VHSGMTileSet,384,160,0,0,32,32,0,1,1,4294967295
VHSGMTileSet,352,160,0,0,32,32,0,1,1,4294967295
VHSGMTileSet,320,160,0,0,32,32,0,1,1,4294967295
VHSGMTileSet,288,160,0,0,32,32,0,1,1,4294967295
VHSGMTileSet,128,160,0,0,32,32,0,1,1,4294967295
VHSGMTileSet,96,160,0,0,32,32,0,1,1,4294967295
VHSGMTileSet,64,160,0,0,32,32,0,1,1,4294967295
VHSGMTileSet,0,96,0,0,32,32,0,1,1,4294967295
VHSGMTileSet,0,128,0,0,32,32,0,1,1,4294967295
VHSGMTileSet,0,160,0,0,32,32,0,1,1,4294967295
VHSGMTileSet,32,160,0,0,32,32,0,1,1,4294967295
VHSGMTileSet,256,160,0,0,32,32,0,1,1,4294967295
VHSGMTileSet,224,192,0,0,32,32,0,1,1,4294967295
VHSGMTileSet,192,192,0,0,32,32,0,1,1,4294967295
VHSGMTileSet,160,192,0,0,32,32,0,1,1,4294967295
VHSGMTileSet,128,192,0,0,32,32,0,1,1,4294967295
VHSGMTileSet,0,192,0,0,32,32,0,1,1,4294967295
VHSGMTileSet,0,224,0,0,32,32,0,1,1,4294967295
VHSGMTileSet,0,256,0,0,32,32,0,1,1,4294967295
VHSGMTileSet,0,288,0,0,32,32,0,1,1,4294967295
VHSGMTileSet,0,320,0,0,32,32,0,1,1,4294967295
VHSGMTileSet,0,352,0,0,32,32,0,1,1,4294967295
VHSGMTileSet,0,384,0,0,32,32,0,1,1,4294967295
VHSGMTileSet,0,416,0,0,32,32,0,1,1,4294967295
VHSGMTileSet,0,448,0,0,32,32,0,1,1,4294967295
VHSGMTileSet,96,288,0,0,32,32,0,1,1,4294967295
VHSGMTileSet,128,288,0,0,32,32,0,1,1,4294967295
VHSGMTileSet,160,288,0,0,32,32,0,1,1,4294967295
VHSGMTileSet,192,288,0,0,32,32,0,1,1,4294967295
VHSGMTileSet,224,288,0,0,32,32,0,1,1,4294967295
VHSGMTileSet,256,288,0,0,32,32,0,1,1,4294967295
VHSGMTileSet,288,288,0,0,32,32,0,1,1,4294967295
VHSGMTileSet,320,288,0,0,32,32,0,1,1,4294967295
VHSGMTileSet,352,288,0,0,32,32,0,1,1,4294967295
VHSGMTileSet,384,288,0,0,32,32,0,1,1,4294967295
VHSGMTileSet,384,320,0,0,32,32,0,1,1,4294967295
VHSGMTileSet,416,320,0,0,32,32,0,1,1,4294967295
VHSGMTileSet,448,320,0,0,32,32,0,1,1,4294967295
VHSGMTileSet,448,288,0,0,32,32,0,1,1,4294967295
VHSGMTileSet,448,256,0,0,32,32,0,1,1,4294967295
VHSGMTileSet,448,224,0,0,32,32,0,1,1,4294967295
VHSGMTileSet,448,192,0,0,32,32,0,1,1,4294967295
VHSGMTileSet,448,160,0,0,32,32,0,1,1,4294967295
VHSGMTileSet,448,128,0,0,32,32,0,1,1,4294967295
VHSGMTileSet,448,96,0,0,32,32,0,1,1,4294967295
VHSGMTileSet,576,96,0,0,32,32,0,1,1,4294967295
VHSGMTileSet,544,96,0,0,32,32,0,1,1,4294967295
VHSGMTileSet,544,128,0,0,32,32,0,1,1,4294967295
VHSGMTileSet,544,160,0,0,32,32,0,1,1,4294967295
VHSGMTileSet,544,192,0,0,32,32,0,1,1,4294967295
VHSGMTileSet,544,224,0,0,32,32,0,1,1,4294967295
VHSGMTileSet,544,256,0,0,32,32,0,1,1,4294967295
VHSGMTileSet,576,256,0,0,32,32,0,1,1,4294967295
VHSGMTileSet,608,256,0,0,32,32,0,1,1,4294967295
VHSGMTileSet,640,256,0,0,32,32,0,1,1,4294967295
VHSGMTileSet,640,288,0,0,32,32,0,1,1,4294967295
VHSGMTileSet,640,320,0,0,32,32,0,1,1,4294967295
VHSGMTileSet,640,352,0,0,32,32,0,1,1,4294967295
VHSGMTileSet,640,384,0,0,32,32,0,1,1,4294967295
VHSGMTileSet,640,416,0,0,32,32,0,1,1,4294967295
VHSGMTileSet,640,448,0,0,32,32,0,1,1,4294967295
VHSGMTileSet,640,480,0,0,32,32,0,1,1,4294967295
VHSGMTileSet,608,160,0,0,32,32,0,1,1,4294967295
VHSGMTileSet,640,160,0,0,32,32,0,1,1,4294967295
VHSGMTileSet,672,128,0,0,32,32,0,1,1,4294967295
VHSGMTileSet,704,128,0,0,32,32,0,1,1,4294967295
VHSGMTileSet,736,128,0,0,32,32,0,1,1,4294967295
VHSGMTileSet,736,96,0,0,32,32,0,1,1,4294967295
VHSGMTileSet,672,32,0,0,32,32,0,1,1,4294967295
VHSGMTileSet,736,320,0,0,32,32,0,1,1,4294967295
VHSGMTileSet,736,448,0,0,32,32,0,1,1,4294967295
VHSGMTileSet,704,512,0,0,32,32,0,1,1,4294967295
VHSGMTileSet,672,512,0,0,32,32,0,1,1,4294967295
VHSGMTileSet,512,544,0,0,32,32,0,1,1,4294967295
VHSGMTileSet,512,512,0,0,32,32,0,1,1,4294967295
VHSGMTileSet,512,480,0,0,32,32,0,1,1,4294967295
VHSGMTileSet,544,480,0,0,32,32,0,1,1,4294967295
VHSGMTileSet,544,544,0,0,32,32,0,1,1,4294967295
VHSGMTileSet,544,512,0,0,32,32,0,1,1,4294967295
VHSGMTileSet,544,448,0,0,32,32,0,1,1,4294967295
VHSGMTileSet,544,384,0,0,32,32,0,1,1,4294967295
VHSGMTileSet,544,352,0,0,32,32,0,1,1,4294967295
VHSGMTileSet,512,352,0,0,32,32,0,1,1,4294967295
VHSGMTileSet,512,320,0,0,32,32,0,1,1,4294967295
VHSGMTileSet,480,320,0,0,32,32,0,1,1,4294967295
VHSGMTileSet,448,416,0,0,32,32,0,1,1,4294967295
VHSGMTileSet,416,416,0,0,32,32,0,1,1,4294967295
VHSGMTileSet,416,448,0,0,32,32,0,1,1,4294967295
VHSGMTileSet,416,480,0,0,32,32,0,1,1,4294967295
VHSGMTileSet,448,480,0,0,32,32,0,1,1,4294967295
VHSGMTileSet,384,448,0,0,32,32,0,1,1,4294967295
VHSGMTileSet,352,448,0,0,32,32,0,1,1,4294967295
VHSGMTileSet,288,512,0,0,32,32,0,1,1,4294967295
VHSGMTileSet,256,512,0,0,32,32,0,1,1,4294967295
VHSGMTileSet,256,544,0,0,32,32,0,1,1,4294967295
VHSGMTileSet,224,416,0,0,32,32,0,1,1,4294967295
VHSGMTileSet,256,416,0,0,32,32,0,1,1,4294967295
VHSGMTileSet,288,416,0,0,32,32,0,1,1,4294967295
VHSGMTileSet,320,592,0,0,32,32,0,1,1,4294967295
VHSGMTileSet,352,592,0,0,32,32,0,1,1,4294967295
VHSGMTileSet,288,320,0,0,32,32,0,1,1,4294967295
VHSGMTileSet,288,384,0,0,32,32,0,1,1,4294967295
VHSGMTileSet,288,544,0,0,32,32,0,1,1,4294967295
VHSGMTileSet,672,384,0,0,32,32,0,1,1,4294967295
VHSGMTileSet,224,160,0,0,32,32,0,1,1,4294967295
VHSGMTileSet,96,128,0,0,32,32,0,1,1,4294967295
VHSGMTileSet,128,64,0,0,32,32,0,1,1,4294967295
VHSGMTileSet,224,64,0,0,32,32,0,1,1,4294967295
VHSGMTileSet,256,64,0,0,32,32,0,1,1,4294967295
VHSGMTileSet,288,64,0,0,32,32,0,1,1,4294967295
VHSGMTileSet,320,64,0,0,32,32,0,1,1,4294967295
VHSGMTileSet,352,64,0,0,32,32,0,1,1,4294967295
VHSGMTileSet,64,32,0,0,32,32,0,1,1,4294967295
VHSGMTileSet,96,32,0,0,32,32,0,1,1,4294967295
VHSGMTileSet,544,416,0,0,32,32,0,1,1,4294967295
VHSGMTileSet,576,576,0,0,32,32,0,1,1,4294967295
VHSGMTileSet,608,576,0,0,32,32,0,1,1,4294967295
