minispikeUp,496,560,0007DC7E,0,1,1,4294967295,0,0
minispikeUp,640,144,002C3614,0,1,1,4294967295,0,0
minispikeUp,656,144,0039D93D,0,1,1,4294967295,0,0
minispikeUp,496,304,00362668,0,1,1,4294967295,0,0
minispikeUp,512,304,00004879,0,1,1,4294967295,0,0
minispikeUp,384,560,00215E75,0,1,1,4294967295,0,0
minispikeUp,288,48,00098127,0,1,1,4294967295,0,1
minispikeUp,304,48,001E86A0,0,1,1,4294967295,0,1
minispikeUp,256,144,0034526E,0,1,1,4294967295,0,0
minispikeUp,272,144,000DDFDD,0,1,1,4294967295,0,0
minispikeUp,288,144,003C8382,0,1,1,4294967295,0,0
minispikeUp,304,144,0014877D,0,1,1,4294967295,0,0
minispikeUp,320,144,00039780,0,1,1,4294967295,0,0
minispikeUp,336,144,002D1891,0,1,1,4294967295,0,0
minispikeUp,240,144,00296B9D,0,1,1,4294967295,0,0
minispikeUp,64,144,002B53D6,0,1,1,4294967295,0,0
minispikeUp,80,144,00179C11,0,1,1,4294967295,0,0
minispikeUp,256,496,002959A1,0,1,1,4294967295,0,0
minispikeUp,272,496,0030137A,0,1,1,4294967295,0,0
minispikeUp,176,272,0021BA80,0,1,1,4294967295,0,0
minispikeUp,192,272,0004F9FB,0,1,1,4294967295,0,0
spikeDown,192,480,001C23AD,0,1,1,4294967295,0,0
spikeUp,32,448,002F8743,0,1,1,4294967295,0,0
spikeUp,64,448,00250E9C,0,1,1,4294967295,0,0
spikeUp,96,448,0033A421,0,1,1,4294967295,0,0
spikeUp,128,448,0018527D,0,1,1,4294967295,0,0
spikeUp,192,448,00383708,0,1,1,4294967295,0,0
spikeUp,256,256,00338EDE,0,1,1,4294967295,0,0
spikeUp,288,256,00287069,0,1,1,4294967295,0,0
spikeUp,384,256,002F61DF,0,1,1,4294967295,0,0
spikeUp,416,288,0021BB45,0,1,1,4294967295,0,0
spikeUp,448,64,0037AAEE,0,1,1,4294967295,0,0
spikeUp,544,320,002AB0F0,0,1,1,4294967295,0,0
spikeUp,544,64,002FF3A4,0,1,1,4294967295,0,0
spikeUp,672,224,00016419,0,1,1,4294967295,0,0
spikeUp,704,224,000233F6,0,1,1,4294967295,0,0
spikeDown,704,160,0001DF90,0,1,1,4294967295,0,0
spikeDown,672,64,002DC63F,0,1,1,4294967295,0,0
spikeDown,512,384,000AF167,0,1,1,4294967295,0,0
spikeDown,384,352,001B8CE8,0,1,1,4294967295,0,0
spikeLeft,320,448,00245275,0,1,1,4294967295,0,0
spikeLeft,384,480,003048FA,0,1,1,4294967295,0,0
spikeRight,320,384,0036D9C1,0,1,1,4294967295,0,0
spikeRight,480,96,002F3E76,0,1,1,4294967295,0,0
spikeLeft,512,160,00343F8A,0,1,1,4294967295,0,0
spikeRight,480,224,0038211C,0,1,1,4294967295,0,0
spikeLeft,608,448,00199809,0,1,1,4294967295,0,0
spikeLeft,704,448,002EA241,0,1,1,4294967295,0,0
spikeRight,608,96,0003E194,0,1,1,4294967295,0,0
spikeRight,576,352,001A0F89,0,1,1,4294967295,0,0
spikeUp,144,256,00286091,0,1,1,4294967295,0,0
spikeUp,208,256,000D0E31,0,1,1,4294967295,0,0
spikeDown,272,192,0020662B,0,1,1,4294967295,0,0
spikeUp,352,528,003F6666,0,1,1,4294967295,0,0
spikeUp,320,528,0031875D,0,1,1,4294967295,0,0
spikeUp,448,384,000EB369,0,1,1,4294967295,0,0
spikeDown,480,352,0034C3EB,0,1,1,4294967295,0,0
spikeUp,576,224,00278D88,0,1,1,4294967295,0,0
spikeUp,704,96,00294F92,0,1,1,4294967295,0,0
minispikeDown,736,160,002F8A93,0,1,1,4294967295,0,0
minispikeDown,752,160,002CF23F,0,1,1,4294967295,0,0
minispikeLeft,752,480,001FABC9,0,1,1,4294967295,0,0
minispikeLeft,752,496,0032B03A,0,1,1,4294967295,0,0
minispikeLeft,752,512,003B155A,0,1,1,4294967295,0,0
minispikeLeft,752,528,0007F926,0,1,1,4294967295,0,0
minispikeLeft,752,544,0028BB9F,0,1,1,4294967295,0,0
minispikeLeft,752,560,001F507F,0,1,1,4294967295,0,0
minispikeRight,32,400,003B9171,0,1,1,4294967295,0,0
minispikeRight,32,416,001DD220,0,1,1,4294967295,0,0
minispikeRight,32,432,001F96C5,0,1,1,4294967295,0,0
minispikeDown,352,320,0033BD80,0,1,1,4294967295,0,0
minispikeLeft,368,336,00367446,0,1,1,4294967295,0,0
minispikeRight,320,416,002A39BE,0,1,1,4294967295,0,0
minispikeRight,320,432,0004B541,0,1,1,4294967295,0,0
minispikeLeft,208,416,00075405,0,1,1,4294967295,0,0
minispikeLeft,208,432,003E55FC,0,1,1,4294967295,0,0
minispikeRight,480,288,0002AD9B,0,1,1,4294967295,0,0
minispikeRight,480,128,00124504,0,1,1,4294967295,0,0
minispikeDown,608,32,003018A8,0,1,1,4294967295,0,0
minispikeDown,624,32,00308E64,0,1,1,4294967295,0,0
minispikeDown,640,32,00289258,0,1,1,4294967295,0,0
minispikeDown,656,32,001F09B0,0,1,1,4294967295,0,0
minispikeDown,576,128,002E30ED,0,1,1,4294967295,0,0
minispikeLeft,528,192,000686AC,0,1,1,4294967295,0,0
minispikeDown,144,320,0038477C,0,1,1,4294967295,0,0
minispikeDown,128,320,001F0B1B,0,1,1,4294967295,0,0
minispikeDown,112,320,002A7048,0,1,1,4294967295,0,0
minispikeDown,96,320,00312654,0,1,1,4294967295,0,0
minispikeDown,176,320,000D9091,0,1,1,4294967295,0,0
minispikeDown,160,320,001F3F78,0,1,1,4294967295,0,0
spikeDown,192,320,001BCF62,0,1,1,4294967295,0,0
spikeDown,256,320,000325C4,0,1,1,4294967295,0,0
minispikeDown,592,32,003C8F0D,0,1,1,4294967295,0,1
minispikeDown,704,256,002BAD80,0,1,1,4294967295,0,0
minispikeDown,720,256,0002E972,0,1,1,4294967295,0,0
spikeDown,672,256,0007D10E,0,1,1,4294967295,0,0
minispikeRight,704,384,001048AD,0,1,1,4294967295,0,0
minispikeRight,704,400,001F0576,0,1,1,4294967295,0,0
spikeUp,736,416,00355B4F,0,1,1,4294967295,0,0
spikeUp,672,352,002428DB,0,1,1,4294967295,0,0
minispikeLeft,720,320,001994DF,0,1,1,4294967295,0,0
minispikeLeft,720,336,002B98E6,0,1,1,4294967295,0,0
spikeDown,624,192,00021AB2,0,1,1,4294967295,0,0
spikeDown,640,512,00009F5F,0,1,1,4294967295,0,0
spikeDown,416,512,00172A03,0,1,1,4294967295,0,0
spikeRight,160,160,003A965C,0,1,1,4294967295,0,0
spikeLeft,192,160,000FC567,0,1,1,4294967295,0,0
spikeUp,128,128,00008340,0,1,1,4294967295,0,0
spikeUp,0,32,0022A02A,0,1,1,4294967295,0,0
spikeRight,160,64,0012B384,0,1,1,4294967295,0,0
spikeLeft,192,64,0016932B,0,1,1,4294967295,0,0
spikeUp,448,64,001B1DBE,0,1,1,4294967295,0,0
minispikeRight,480,256,000FC0D7,0,1,1,4294967295,0,0
minispikeRight,480,272,0004FCE0,0,1,1,4294967295,0,0
spikeRight,32,128,003A2253,0,1,1,4294967295,0,0
spikeDown,352,192,000153A6,0,1,1,4294967295,0,0
spikeUp,192,544,00048384,0,1,1,4294967295,0,0
spikeRight,320,320,002C9E6D,0,1,1,4294967295,0,0
spikeRight,32,352,0007730A,0,1,1,4294967295,0,0
spikeUp,224,544,00062FAD,0,1,1,4294967295,0,0
spikeDown,160,512,001A46EF,0,1,1,4294967295,0,0
spikeRight,480,416,0022BDB4,0,1,1,4294967295,0,0
spikeLeft,384,416,0037C926,0,1,1,4294967295,0,0
spikeDown,96,400,000E4969,0,1,1,4294967295,0,0
spikeUp,96,368,002C8D2A,0,1,1,4294967295,0,0
spikeLeft,64,288,00167108,0,1,1,4294967295,0,0
minispikeDown,224,448,001B85D9,0,1,1,4294967295,0,0
minispikeDown,304,448,00210E58,0,1,1,4294967295,0,0
movingPlatform,32,384,00087388,0,1,1,4294967295,0,1
VHSGMJumpRefresher,432,208,00042ED7,0,1,1,4294967295,0,0
VHSGMJumpRefresher,432,176,003297A8,0,1,1,4294967295,0,0
VHSGMJumpRefresher,432,144,00000415,0,1,1,4294967295,0,0
VHSGMJumpRefresher,432,112,0040317B,0,1,1,4294967295,0,0
VHSGMJumpRefresher,496,80,001F221F,0,1,1,4294967295,0,0
VHSGMJumpRefresher,496,208,0032A151,0,1,1,4294967295,0,0
VHSGMJumpRefresher,720,368,003DC677,0,1,1,4294967295,0,0
VHSGMJumpRefresher,752,240,0031C80E,0,1,1,4294967295,0,0
camera,32,544,0008B9EA,0,1,1,4294967295,0,0
VHSGMJumpRefresher,528,128,001E5C58,0,1,1,4294967295,0,0
VHSGMJumpRefresher,432,240,00167776,0,1,1,4294967295,0,0
VHSGMJumpRefresher,432,80,002B98AD,0,1,1,4294967295,0,0
VHSGMJumpRefresher,704,336,000904A1,0,1,1,4294967295,0,0
VHSGMWarp,720,48,00145D22,0,1,1,4294967295,0,0
VHSGMJumpRefresher,272,112,0029B085,0,1,1,4294967295,0,0
VHSGMJumpRefresher,48,96,00196E22,0,1,1,4294967295,0,0
VHSGMJumpRefresher,48,48,00021383,0,1,1,4294967295,0,0
blockNotVis,416,96,00119967,0,1,1,4294967295,0,1
DemoBlock,128,224,0031EDA5,0,1,1,4294967295,0,0
DemoBlock,128,256,0002DC83,0,1,1,4294967295,0,0
savePoint,704,480,0031F1F0,0,1,1,4294967295,0,0
savePoint,64,192,00334CAC,0,1,1,4294967295,0,0
savePoint,64,512,0039ED69,0,1,1,4294967295,0,0
playerStart,64,544,002B8833,0,1,1,4294967295,0,0
FadeoutTile,32,0,001E2009,0,1,1,4294967295,0,1
BlockDestroy,384,128,0011AAE9,0,1,1,4294967295,0,1
BlockDestroy,384,32,00112C5D,0,1,1,4294967295,0,1
TitleCard,800,0,0037A414,0,1,1,4294967295,0,0
block,0,576,001C87EE,0,1,1,4294967295,0,0
block,32,576,0021A616,0,1,1,4294967295,0,0
block,64,576,0019F1D2,0,1,1,4294967295,0,0
block,96,576,000AACED,0,1,1,4294967295,0,0
block,128,576,00330B0D,0,1,1,4294967295,0,0
block,0,544,0013273B,0,1,1,4294967295,0,0
block,0,512,00142E1F,0,1,1,4294967295,0,0
block,0,480,0020E02F,0,1,1,4294967295,0,0
block,0,448,0020EBA2,0,1,1,4294967295,0,0
block,0,416,003D7FE5,0,1,1,4294967295,0,0
block,0,384,0020E2E9,0,1,1,4294967295,0,0
block,0,352,00351CF5,0,1,1,4294967295,0,0
block,0,288,0030A5BC,0,1,1,4294967295,0,0
block,0,256,002E79B0,0,1,1,4294967295,0,0
block,0,224,0000A25A,0,1,1,4294967295,0,0
block,416,0,001A89BD,0,1,1,4294967295,0,0
block,448,0,003E57E7,0,1,1,4294967295,0,0
block,480,0,000D5D36,0,1,1,4294967295,0,0
block,512,0,00282A9C,0,1,1,4294967295,0,0
block,544,0,003A2370,0,1,1,4294967295,0,0
block,576,0,00355E3C,0,1,1,4294967295,0,0
block,608,0,000798BC,0,1,1,4294967295,0,0
block,640,0,000CF73B,0,1,1,4294967295,0,0
block,672,0,00358AF3,0,1,1,4294967295,0,0
block,704,0,0011F337,0,1,1,4294967295,0,0
block,736,0,0014981D,0,1,1,4294967295,0,0
block,768,0,0028063D,0,1,1,4294967295,0,0
block,768,32,0006E935,0,1,1,4294967295,0,0
block,768,64,00068858,0,1,1,4294967295,0,0
block,768,96,002BEC2A,0,1,1,4294967295,0,0
block,768,128,002D7225,0,1,1,4294967295,0,0
block,768,160,003D2558,0,1,1,4294967295,0,0
block,768,192,00333437,0,1,1,4294967295,0,0
block,768,224,0017D2FD,0,1,1,4294967295,0,0
block,768,256,00174280,0,1,1,4294967295,0,0
block,768,288,0005F7EB,0,1,1,4294967295,0,0
block,768,320,002E7C90,0,1,1,4294967295,0,0
block,768,352,002081F6,0,1,1,4294967295,0,0
block,768,384,002623B7,0,1,1,4294967295,0,0
block,768,416,0010B5DC,0,1,1,4294967295,0,0
block,768,448,003082ED,0,1,1,4294967295,0,0
block,768,480,001870FA,0,1,1,4294967295,0,0
block,768,512,000F43AF,0,1,1,4294967295,0,0
block,768,544,00116D2B,0,1,1,4294967295,0,0
block,768,576,003B834B,0,1,1,4294967295,0,0
block,736,576,00286900,0,1,1,4294967295,0,0
block,256,576,00216FB1,0,1,1,4294967295,0,0
block,160,576,00118F63,0,1,1,4294967295,0,0
block,192,576,0033EDFB,0,1,1,4294967295,0,0
block,224,576,00029A8C,0,1,1,4294967295,0,0
block,512,576,0033CAA2,0,1,1,4294967295,0,0
block,544,576,003B39CF,0,1,1,4294967295,0,0
block,640,576,0026448F,0,1,1,4294967295,0,0
block,672,576,003BE9C5,0,1,1,4294967295,0,0
block,704,576,000932DB,0,1,1,4294967295,0,0
block,480,576,00233D89,0,1,1,4294967295,0,0
block,448,576,0008F388,0,1,1,4294967295,0,0
block,416,576,00100BAD,0,1,1,4294967295,0,0
block,384,576,001E2ED3,0,1,1,4294967295,0,0
block,352,560,0027C98D,0,1,1,4294967295,0,0
block,320,560,001A6A47,0,1,1,4294967295,0,0
block,288,576,00351813,0,1,1,4294967295,0,0
block,32,480,002553DB,0,1,1,4294967295,0,0
block,64,480,00014444,0,1,1,4294967295,0,0
block,96,480,0008685F,0,1,1,4294967295,0,0
block,128,480,001DB5DD,0,1,1,4294967295,0,0
block,160,480,000E92C1,0,1,1,4294967295,0,0
block,128,512,003EB6C7,0,1,1,4294967295,0,0
block,224,416,00232324,0,1,1,4294967295,0,0
block,256,416,00309EF9,0,1,1,4294967295,0,0
block,288,416,003CAA6B,0,1,1,4294967295,0,0
block,256,512,00298551,0,1,1,4294967295,0,0
block,256,544,002649D3,0,1,1,4294967295,0,0
block,288,512,0036BB1F,0,1,1,4294967295,0,0
block,352,448,001EDF49,0,1,1,4294967295,0,0
block,384,448,002C8035,0,1,1,4294967295,0,0
block,416,448,003C1583,0,1,1,4294967295,0,0
block,416,416,0021A840,0,1,1,4294967295,0,0
block,448,416,003B9925,0,1,1,4294967295,0,0
block,416,480,0017A76D,0,1,1,4294967295,0,0
block,448,480,0024D6BC,0,1,1,4294967295,0,0
block,512,480,00123CC5,0,1,1,4294967295,0,0
block,512,512,003A9A8D,0,1,1,4294967295,0,0
block,512,544,003B6981,0,1,1,4294967295,0,0
block,544,480,0005EB49,0,1,1,4294967295,0,0
block,544,512,001A8D75,0,1,1,4294967295,0,0
block,544,544,001DD4B4,0,1,1,4294967295,0,0
block,544,448,00187FA1,0,1,1,4294967295,0,0
block,544,384,002C1878,0,1,1,4294967295,0,0
block,544,352,0006CAF3,0,1,1,4294967295,0,0
block,512,352,001AC356,0,1,1,4294967295,0,0
block,512,320,003DA56F,0,1,1,4294967295,0,0
block,480,320,0020B431,0,1,1,4294967295,0,0
block,448,320,0008EC31,0,1,1,4294967295,0,0
block,416,320,001C7741,0,1,1,4294967295,0,0
block,384,320,002E34AA,0,1,1,4294967295,0,0
block,448,288,0003E61F,0,1,1,4294967295,0,0
block,448,224,002FD0D3,0,1,1,4294967295,0,0
block,448,160,000687FD,0,1,1,4294967295,0,0
block,448,128,000D4488,0,1,1,4294967295,0,0
block,448,96,002684C9,0,1,1,4294967295,0,0
block,384,64,002683F2,0,1,1,4294967295,0,0
block,384,96,001F4138,0,1,1,4294967295,0,0
block,384,160,00099792,0,1,1,4294967295,0,0
block,384,288,003405D4,0,1,1,4294967295,0,0
block,352,288,000782C7,0,1,1,4294967295,0,0
block,320,288,001653B7,0,1,1,4294967295,0,0
block,288,288,00203A30,0,1,1,4294967295,0,0
block,256,288,000DE1B4,0,1,1,4294967295,0,0
block,224,288,001CA01F,0,1,1,4294967295,0,0
block,192,288,0032FD55,0,1,1,4294967295,0,0
block,160,288,0018B168,0,1,1,4294967295,0,0
block,128,288,0004D280,0,1,1,4294967295,0,0
block,96,288,0037444F,0,1,1,4294967295,0,0
block,352,160,003BB761,0,1,1,4294967295,0,0
block,320,160,002E3A9D,0,1,1,4294967295,0,0
block,288,160,002EA526,0,1,1,4294967295,0,0
block,256,160,001DB20F,0,1,1,4294967295,0,0
block,224,192,0002CA67,0,1,1,4294967295,0,0
block,192,192,00269A83,0,1,1,4294967295,0,0
block,160,192,0029143D,0,1,1,4294967295,0,0
block,128,192,00173DD6,0,1,1,4294967295,0,0
block,0,192,000D0F25,0,1,1,4294967295,0,0
block,384,0,002D346E,0,1,1,4294967295,0,0
block,544,96,0029A636,0,1,1,4294967295,0,0
block,576,96,0030E7DE,0,1,1,4294967295,0,0
block,544,128,00175F5E,0,1,1,4294967295,0,0
block,544,160,0011A5AC,0,1,1,4294967295,0,0
block,544,192,0005D7F6,0,1,1,4294967295,0,0
block,544,224,00277EC3,0,1,1,4294967295,0,0
block,544,256,0016DAAA,0,1,1,4294967295,0,0
block,576,256,00207A2F,0,1,1,4294967295,0,0
block,608,256,00370DBD,0,1,1,4294967295,0,0
block,640,256,00328CD1,0,1,1,4294967295,0,0
block,640,288,0016F796,0,1,1,4294967295,0,0
block,640,320,00151250,0,1,1,4294967295,0,0
block,640,352,00240914,0,1,1,4294967295,0,0
block,640,384,00384F78,0,1,1,4294967295,0,0
block,640,416,002DBD8D,0,1,1,4294967295,0,0
block,640,448,003C49FB,0,1,1,4294967295,0,0
block,640,480,001606A6,0,1,1,4294967295,0,0
block,672,512,0008A405,0,1,1,4294967295,0,0
block,704,512,000C9FD9,0,1,1,4294967295,0,0
block,736,448,0025B652,0,1,1,4294967295,0,0
block,736,320,0000E178,0,1,1,4294967295,0,0
block,608,160,000942B3,0,1,1,4294967295,0,0
block,640,160,0007097C,0,1,1,4294967295,0,0
block,672,128,001C4CC3,0,1,1,4294967295,0,0
block,736,128,0022D40E,0,1,1,4294967295,0,0
block,704,128,000BBD55,0,1,1,4294967295,0,0
block,736,96,0031D9C2,0,1,1,4294967295,0,0
block,672,32,0023955F,0,1,1,4294967295,0,0
block,128,160,0006FCBE,0,1,1,4294967295,0,0
block,96,160,001C8133,0,1,1,4294967295,0,0
block,64,160,00159481,0,1,1,4294967295,0,0
block,32,160,0010697B,0,1,1,4294967295,0,0
block,0,160,000E42D9,0,1,1,4294967295,0,0
block,288,384,00225668,0,1,1,4294967295,0,0
block,288,320,003BB433,0,1,1,4294967295,0,0
block,448,192,001F8EA0,0,1,1,4294967295,0,0
block,672,384,0027A83B,0,1,1,4294967295,0,0
block,0,320,003B82C2,0,1,1,4294967295,0,0
block,0,128,00280E96,0,1,1,4294967295,0,0
block,0,96,003B2980,0,1,1,4294967295,0,0
block,0,64,003C107C,0,1,1,4294967295,0,0
block,0,32,001194B3,0,1,1,4294967295,0,0
block,0,0,002D9672,0,1,1,4294967295,0,0
block,160,0,00349175,0,1,1,4294967295,0,0
block,192,0,001A0966,0,1,1,4294967295,0,0
block,352,64,00323EEE,0,1,1,4294967295,0,0
block,320,64,000D9931,0,1,1,4294967295,0,0
block,288,64,00047B11,0,1,1,4294967295,0,0
block,256,64,0001D623,0,1,1,4294967295,0,0
block,224,160,000239C1,0,1,1,4294967295,0,0
block,128,64,002EF0F1,0,1,1,4294967295,0,0
block,224,64,0034A0EF,0,1,1,4294967295,0,0
block,96,128,003EFBFC,0,1,1,4294967295,0,0
block,448,256,003E08B4,0,1,1,4294967295,0,0
block,64,32,003E6355,0,1,1,4294967295,0,0
block,96,32,00235715,0,1,1,4294967295,0,0
block,544,416,000E9736,0,1,1,4294967295,0,0
block,576,576,0038B2FA,0,1,1,4294967295,0,0
block,608,576,0024AAF1,0,1,1,4294967295,0,0
