spikeLeft,768,416,00024E21,0,1,1,4294967295,0,0
spikeLeft,768,384,00276D7A,0,1,1,4294967295,0,0
spikeRight,0,384,003B4A59,0,1,1,4294967295,0,0
spikeRight,0,416,000D396D,0,1,1,4294967295,0,0
spikeDown,32,64,002E42DA,0,1,1,4294967295,0,0
spikeDown,64,64,0003678E,0,1,1,4294967295,0,0
spikeDown,704,64,000B3EB1,0,1,1,4294967295,0,0
spikeDown,736,64,002049AF,0,1,1,4294967295,0,0
MagikSpikeTrap,128,608,000B4199,0,1,1,4294967295,0,0
MagikSpikeTrap,160,608,000D99D4,0,1,1,4294967295,0,0
MagikSpikeTrap,192,608,001E1826,0,1,1,4294967295,0,0
MagikSpikeTrap,224,608,003BF858,0,1,1,4294967295,0,0
MagikSpikeTrap,256,608,001E35B9,0,1,1,4294967295,0,0
MagikSpikeTrap,288,608,003FACD5,0,1,1,4294967295,0,0
MagikSpikeTrap,320,608,0037EDEF,0,1,1,4294967295,0,0
MagikSpikeTrap,352,608,0019546D,0,1,1,4294967295,0,0
MagikSpikeTrap,384,608,0027BB36,0,1,1,4294967295,0,0
MagikSpikeTrap,416,608,0037DCF5,0,1,1,4294967295,0,0
MagikSpikeTrap,448,608,0025016D,0,1,1,4294967295,0,0
MagikSpikeTrap,480,608,00271CE3,0,1,1,4294967295,0,0
MagikSpikeTrap,512,608,002E76B8,0,1,1,4294967295,0,0
MagikSpikeTrap,544,608,0023EB74,0,1,1,4294967295,0,0
MagikSpikeTrap,576,608,0037E1DA,0,1,1,4294967295,0,0
MagikSpikeTrap,608,608,0018175D,0,1,1,4294967295,0,0
MagikSpikeTrap,640,608,001A6446,0,1,1,4294967295,0,0
MagikSpikeTrap,64,480,000709EF,0,1,1,4294967295,0,0
MagikSpikeTrap,32,480,0015BC23,0,1,1,4294967295,0,0
MagikSpikeTrap,736,480,0004960E,0,1,1,4294967295,0,0
MagikSpikeTrap,704,480,5AFD290E,0,1,1,4294967295,0,0
HT2BulletReflector,96,544,0018CF3F,0,1,1,4294967295,0,0
HT2BulletReflector,672,544,003CC54E,0,1,1,4294967295,0,0
MagikReflector,32,480,001DB51C,0,1,3,4294967295,0,0
MagikReflector,736,480,0034FCDF,0,1,3,4294967295,0,0
WalljumpL,0,64,002FCFC8,0,1,1,4294967295,0,0
WalljumpL,0,96,0039DE93,0,1,1,4294967295,0,0
WalljumpL,0,128,0038C446,0,1,1,4294967295,0,0
WalljumpL,0,160,0036213B,0,1,1,4294967295,0,0
WalljumpL,0,192,0014B1B3,0,1,1,4294967295,0,0
WalljumpL,0,224,002D1D15,0,1,1,4294967295,0,0
WalljumpL,0,256,0022568A,0,1,1,4294967295,0,0
WalljumpL,0,288,0030BDAD,0,1,1,4294967295,0,0
WalljumpL,0,320,001B87D7,0,1,1,4294967295,0,0
WalljumpL,0,352,003E5405,0,1,1,4294967295,0,0
WalljumpR,768,352,000621A3,0,1,1,4294967295,0,0
WalljumpR,768,320,0018BEFA,0,1,1,4294967295,0,0
WalljumpR,768,288,000DD95D,0,1,1,4294967295,0,0
WalljumpR,768,256,003B4AF7,0,1,1,4294967295,0,0
WalljumpR,768,224,002C4FFD,0,1,1,4294967295,0,0
WalljumpR,768,192,000ED757,0,1,1,4294967295,0,0
WalljumpR,768,160,001D1E2C,0,1,1,4294967295,0,0
WalljumpR,768,128,00129E2F,0,1,1,4294967295,0,0
WalljumpR,768,96,0007CE88,0,1,1,4294967295,0,0
WalljumpR,768,64,00376EAD,0,1,1,4294967295,0,0
Boss1Controller,160,0,001B1B41,0,1,1,4294967295,0,0
niseblock,224,-32,001E38AA,0,11,1,4294967295,0,0
BossTrigger,400,552,0020F6A0,0,1,1,4294967295,0,0
playerStart,32,416,003E22BB,0,1,1,4294967295,0,0
SpikeTrigger,128,0,002E4974,0,1,1,4294967295,0,1
DimLights,0,0,003E1CB9,0,1,1,4294967295,0,0
TitleCard,800,0,0018BDA1,0,1,1,4294967295,0,0
block,64,480,0021E40B,0,1,3,4294967295,0,0
block,704,448,00373E45,0,3,1,4294967295,0,0
block,0,448,000DF9C1,0,3,1,4294967295,0,0
block,-32,384,000BEE3C,0,1,2,4294967295,0,0
block,0,64,00356D91,0,1,10,4294967295,0,0
block,192,0,002AAE1C,0,1,1,4294967295,0,0
block,576,0,00386D05,0,1,1,4294967295,0,0
block,768,64,001EF8BD,0,1,10,4294967295,0,0
block,800,384,00217DA6,0,1,2,4294967295,0,0
block,96,576,1366ECD4,0,19,1,4294967295,0,0
block,704,480,D956976D,0,1,3,4294967295,0,0
block,576,32,207121ED,0,6,1,4294967295,0,0
block,32,32,990296EC,0,6,1,4294967295,0,0
