TTTTileset,320,64,160,160,32,32,0,1,1,4294967295
TTTTileset,224,64,160,160,32,32,0,1,1,4294967295
TTTTileset,320,128,160,288,32,32,0,1,1,4294967295
TTTTileset,224,128,160,288,32,32,0,1,1,4294967295
TTTTileset,224,96,160,192,32,32,0,1,1,4294967295
TTTTileset,320,96,160,192,32,32,0,1,1,4294967295
TTTTileset,0,0,288,0,32,32,0,1,1,4294967295
TTTTileset,0,128,288,128,32,32,0,1,1,4294967295
TTTTileset,0,160,288,0,32,32,0,1,1,4294967295
TTTTileset,0,288,288,128,32,32,0,1,1,4294967295
TTTTileset,0,320,288,0,32,32,0,1,1,4294967295
TTTTileset,0,448,288,128,32,32,0,1,1,4294967295
TTTTileset,0,480,288,0,32,32,0,1,1,4294967295
TTTTileset,0,512,288,32,32,32,0,1,1,4294967295
TTTTileset,0,544,288,64,32,32,0,1,1,4294967295
TTTTileset,0,576,288,96,32,32,0,1,1,4294967295
TTTTileset,0,32,288,32,32,32,0,1,1,4294967295
TTTTileset,0,64,288,64,32,32,0,1,1,4294967295
TTTTileset,0,96,288,96,32,32,0,1,1,4294967295
TTTTileset,0,192,288,32,32,32,0,1,1,4294967295
TTTTileset,0,224,288,64,32,32,0,1,1,4294967295
TTTTileset,0,256,288,96,32,32,0,1,1,4294967295
TTTTileset,0,352,288,32,32,32,0,1,1,4294967295
TTTTileset,0,384,288,64,32,32,0,1,1,4294967295
TTTTileset,0,416,288,96,32,32,0,1,1,4294967295
TTTTileset,224,160,160,0,32,32,0,1,1,4294967295
TTTTileset,256,160,192,0,32,32,0,1,1,4294967295
TTTTileset,288,160,224,0,32,32,0,1,1,4294967295
TTTTileset,320,160,256,0,32,32,0,1,1,4294967295
TTTTileset,224,192,160,32,32,32,0,1,1,4294967295
TTTTileset,256,192,192,32,32,32,0,1,1,4294967295
TTTTileset,288,192,224,32,32,32,0,1,1,4294967295
TTTTileset,320,192,256,32,32,32,0,1,1,4294967295
TTTTileset,224,224,160,64,32,32,0,1,1,4294967295
TTTTileset,256,224,192,64,32,32,0,1,1,4294967295
TTTTileset,288,224,224,64,32,32,0,1,1,4294967295
TTTTileset,320,224,256,64,32,32,0,1,1,4294967295
TTTTileset,224,256,160,96,32,32,0,1,1,4294967295
TTTTileset,256,256,192,96,32,32,0,1,1,4294967295
TTTTileset,288,256,224,96,32,32,0,1,1,4294967295
TTTTileset,320,256,256,96,32,32,0,1,1,4294967295
TTTTileset,224,288,160,128,32,32,0,1,1,4294967295
TTTTileset,256,288,192,128,32,32,0,1,1,4294967295
TTTTileset,288,288,224,128,32,32,0,1,1,4294967295
TTTTileset,320,288,256,128,32,32,0,1,1,4294967295
TTTTileset,32,576,160,0,32,32,0,1,1,4294967295
TTTTileset,96,576,160,0,32,32,0,1,1,4294967295
TTTTileset,64,576,192,0,32,32,0,1,1,4294967295
TTTTileset,128,576,192,0,32,32,0,1,1,4294967295
TTTTileset,160,576,224,0,32,32,0,1,1,4294967295
TTTTileset,192,576,256,0,32,32,0,1,1,4294967295
TTTTileset,224,448,160,0,32,32,0,1,1,4294967295
TTTTileset,256,448,192,0,32,32,0,1,1,4294967295
TTTTileset,288,448,224,0,32,32,0,1,1,4294967295
TTTTileset,320,448,256,0,32,32,0,1,1,4294967295
TTTTileset,224,480,160,32,32,32,0,1,1,4294967295
TTTTileset,256,480,192,32,32,32,0,1,1,4294967295
TTTTileset,288,480,224,32,32,32,0,1,1,4294967295
TTTTileset,320,480,256,32,32,32,0,1,1,4294967295
TTTTileset,224,512,160,64,32,32,0,1,1,4294967295
TTTTileset,256,512,192,64,32,32,0,1,1,4294967295
TTTTileset,288,512,224,64,32,32,0,1,1,4294967295
TTTTileset,320,512,256,64,32,32,0,1,1,4294967295
TTTTileset,224,544,160,96,32,32,0,1,1,4294967295
TTTTileset,256,544,192,96,32,32,0,1,1,4294967295
TTTTileset,288,544,224,96,32,32,0,1,1,4294967295
TTTTileset,320,544,256,96,32,32,0,1,1,4294967295
TTTTileset,224,576,160,128,32,32,0,1,1,4294967295
TTTTileset,256,576,192,128,32,32,0,1,1,4294967295
TTTTileset,288,576,224,128,32,32,0,1,1,4294967295
TTTTileset,320,576,256,128,32,32,0,1,1,4294967295
TTTTileset,352,576,160,160,32,32,0,1,1,4294967295
TTTTileset,384,576,160,160,32,32,0,1,1,4294967295
TTTTileset,512,576,160,160,32,32,0,1,1,4294967295
TTTTileset,544,576,160,160,32,32,0,1,1,4294967295
TTTTileset,576,576,160,160,32,32,0,1,1,4294967295
TTTTileset,608,576,160,160,32,32,0,1,1,4294967295
TTTTileset,640,576,160,160,32,32,0,1,1,4294967295
TTTTileset,672,576,160,160,32,32,0,1,1,4294967295
TTTTileset,704,576,160,160,32,32,0,1,1,4294967295
TTTTileset,736,576,160,160,32,32,0,1,1,4294967295
TTTTileset,768,320,288,0,32,32,0,1,1,4294967295
TTTTileset,768,352,288,32,32,32,0,1,1,4294967295
TTTTileset,768,384,288,64,32,32,0,1,1,4294967295
TTTTileset,768,416,288,96,32,32,0,1,1,4294967295
TTTTileset,768,448,288,128,32,32,0,1,1,4294967295
TTTTileset,768,480,288,0,32,32,0,1,1,4294967295
TTTTileset,768,512,288,32,32,32,0,1,1,4294967295
TTTTileset,768,544,288,64,32,32,0,1,1,4294967295
TTTTileset,768,576,288,96,32,32,0,1,1,4294967295
TTTTileset,608,400,0,288,32,32,0,1,1,4294967295
TTTTileset,640,400,32,288,32,32,0,1,1,4294967295
TTTTileset,480,480,160,288,32,32,0,1,1,4294967295
TTTTileset,480,448,160,256,32,32,0,1,1,4294967295
TTTTileset,480,384,160,192,32,32,0,1,1,4294967295
TTTTileset,480,352,160,160,32,32,0,1,1,4294967295
TTTTileset,480,320,160,288,32,32,0,1,1,4294967295
TTTTileset,480,288,160,256,32,32,0,1,1,4294967295
TTTTileset,480,256,160,224,32,32,0,1,1,4294967295
TTTTileset,480,224,160,192,32,32,0,1,1,4294967295
TTTTileset,480,192,160,160,32,32,0,1,1,4294967295
TTTTileset,416,128,0,128,32,32,0,1,1,4294967295
TTTTileset,448,128,32,128,32,32,0,1,1,4294967295
TTTTileset,480,128,64,128,32,32,0,1,1,4294967295
TTTTileset,512,128,96,128,32,32,0,1,1,4294967295
TTTTileset,544,128,32,128,32,32,0,1,1,4294967295
TTTTileset,576,128,64,128,32,32,0,1,1,4294967295
TTTTileset,608,128,96,128,32,32,0,1,1,4294967295
TTTTileset,640,128,32,128,32,32,0,1,1,4294967295
TTTTileset,672,128,64,128,32,32,0,1,1,4294967295
TTTTileset,704,128,96,128,32,32,0,1,1,4294967295
TTTTileset,736,128,32,128,32,32,0,1,1,4294967295
TTTTileset,768,128,64,128,32,32,0,1,1,4294967295
TTTTileset,128,0,160,96,32,32,0,1,1,4294967295
TTTTileset,128,32,160,128,32,32,0,1,1,4294967295
TTTTileset,160,32,192,128,32,32,0,1,1,4294967295
TTTTileset,160,0,192,96,32,32,0,1,1,4294967295
TTTTileset,192,0,224,96,32,32,0,1,1,4294967295
TTTTileset,192,32,224,128,32,32,0,1,1,4294967295
TTTTileset,224,0,256,96,32,32,0,1,1,4294967295
TTTTileset,224,32,256,128,32,32,0,1,1,4294967295
TTTTileset,256,0,160,96,32,32,0,1,1,4294967295
TTTTileset,256,32,160,128,32,32,0,1,1,4294967295
TTTTileset,288,32,192,128,32,32,0,1,1,4294967295
TTTTileset,416,32,192,128,32,32,0,1,1,4294967295
TTTTileset,544,32,192,128,32,32,0,1,1,4294967295
TTTTileset,672,32,192,128,32,32,0,1,1,4294967295
TTTTileset,320,32,224,128,32,32,0,1,1,4294967295
TTTTileset,448,32,224,128,32,32,0,1,1,4294967295
TTTTileset,576,32,224,128,32,32,0,1,1,4294967295
TTTTileset,704,32,224,128,32,32,0,1,1,4294967295
TTTTileset,288,0,192,96,32,32,0,1,1,4294967295
TTTTileset,416,0,192,96,32,32,0,1,1,4294967295
TTTTileset,672,0,192,96,32,32,0,1,1,4294967295
TTTTileset,320,0,224,96,32,32,0,1,1,4294967295
TTTTileset,448,0,224,96,32,32,0,1,1,4294967295
TTTTileset,704,0,224,96,32,32,0,1,1,4294967295
TTTTileset,352,0,256,96,32,32,0,1,1,4294967295
TTTTileset,352,32,256,128,32,32,0,1,1,4294967295
TTTTileset,384,0,160,96,32,32,0,1,1,4294967295
TTTTileset,384,32,160,128,32,32,0,1,1,4294967295
TTTTileset,480,0,256,96,32,32,0,1,1,4294967295
TTTTileset,480,32,256,128,32,32,0,1,1,4294967295
TTTTileset,512,0,160,96,32,32,0,1,1,4294967295
TTTTileset,512,32,192,128,32,32,0,1,1,4294967295
TTTTileset,608,0,256,96,32,32,0,1,1,4294967295
TTTTileset,608,32,256,128,32,32,0,1,1,4294967295
TTTTileset,576,0,224,96,32,32,0,1,1,4294967295
TTTTileset,544,0,192,96,32,32,0,1,1,4294967295
TTTTileset,640,0,160,96,32,32,0,1,1,4294967295
TTTTileset,640,32,160,128,32,32,0,1,1,4294967295
TTTTileset,736,0,256,96,32,32,0,1,1,4294967295
TTTTileset,736,32,256,128,32,32,0,1,1,4294967295
TTTTileset,768,0,160,96,32,32,0,1,1,4294967295
TTTTileset,768,32,160,128,32,32,0,1,1,4294967295
TTTTileset,352,192,0,0,32,32,0,1,1,4294967295
TTTTileset,384,192,32,0,32,32,0,1,1,4294967295
TTTTileset,416,192,64,0,32,32,0,1,1,4294967295
TTTTileset,448,192,96,0,32,32,0,1,1,4294967295
TTTTileset,512,224,0,0,32,32,0,1,1,4294967295
TTTTileset,544,224,32,0,32,32,0,1,1,4294967295
TTTTileset,576,224,64,0,32,32,0,1,1,4294967295
TTTTileset,608,224,96,0,32,32,0,1,1,4294967295
TTTTileset,640,224,128,0,32,32,0,1,1,4294967295
TTTTileset,672,224,0,0,32,32,0,1,1,4294967295
TTTTileset,704,224,32,0,32,32,0,1,1,4294967295
TTTTileset,736,224,64,0,32,32,0,1,1,4294967295
TTTTileset,768,224,96,0,32,32,0,1,1,4294967295
TTTTileset,480,416,160,224,32,32,0,1,1,4294967295
TTTTileset,800,320,288,0,32,32,0,1,1,4294967295
TTTTileset,800,352,288,32,32,32,0,1,1,4294967295
TTTTileset,800,384,288,64,32,32,0,1,1,4294967295
TTTTileset,800,416,288,96,32,32,0,1,1,4294967295
TTTTileset,800,448,288,128,32,32,0,1,1,4294967295
TTTTileset,800,480,288,0,32,32,0,1,1,4294967295
TTTTileset,800,512,288,32,32,32,0,1,1,4294967295
TTTTileset,800,544,288,64,32,32,0,1,1,4294967295
TTTTileset,800,576,288,96,32,32,0,1,1,4294967295
TTTTileset,832,288,160,160,32,32,0,1,1,4294967295
TTTTileset,928,288,160,160,32,32,0,1,1,4294967295
TTTTileset,864,320,160,160,32,32,0,1,1,4294967295
TTTTileset,864,352,160,288,32,32,0,1,1,4294967295
TTTTileset,896,336,160,288,32,32,0,1,1,4294967295
TTTTileset,928,320,160,288,32,32,0,1,1,4294967295
TTTTileset,896,320,160,160,32,32,0,1,1,4294967295
TTTTileset,1056,352,160,288,32,32,0,1,1,4294967295
TTTTileset,800,224,0,0,32,32,0,1,1,4294967295
TTTTileset,832,224,32,0,32,32,0,1,1,4294967295
TTTTileset,864,224,64,0,32,32,0,1,1,4294967295
TTTTileset,896,224,96,0,32,32,0,1,1,4294967295
TTTTileset,928,224,128,0,32,32,0,1,1,4294967295
TTTTileset,800,128,32,128,32,32,0,1,1,4294967295
TTTTileset,832,128,64,128,32,32,0,1,1,4294967295
TTTTileset,864,128,96,128,32,32,0,1,1,4294967295
TTTTileset,896,128,32,128,32,32,0,1,1,4294967295
TTTTileset,992,128,32,128,32,32,0,1,1,4294967295
TTTTileset,1088,128,32,128,32,32,0,1,1,4294967295
TTTTileset,1184,128,32,128,32,32,0,1,1,4294967295
TTTTileset,1280,128,32,128,32,32,0,1,1,4294967295
TTTTileset,1376,128,32,128,32,32,0,1,1,4294967295
TTTTileset,1472,128,32,128,32,32,0,1,1,4294967295
TTTTileset,928,128,64,128,32,32,0,1,1,4294967295
TTTTileset,1024,128,64,128,32,32,0,1,1,4294967295
TTTTileset,1120,128,64,128,32,32,0,1,1,4294967295
TTTTileset,1216,128,64,128,32,32,0,1,1,4294967295
TTTTileset,1312,128,64,128,32,32,0,1,1,4294967295
TTTTileset,1408,128,64,128,32,32,0,1,1,4294967295
TTTTileset,1488,128,64,128,32,32,0,1,1,4294967295
TTTTileset,960,128,96,128,32,32,0,1,1,4294967295
TTTTileset,1056,128,96,128,32,32,0,1,1,4294967295
TTTTileset,1152,128,96,128,32,32,0,1,1,4294967295
TTTTileset,1248,128,96,128,32,32,0,1,1,4294967295
TTTTileset,1344,128,96,128,32,32,0,1,1,4294967295
TTTTileset,1440,128,96,128,32,32,0,1,1,4294967295
TTTTileset,1488,160,160,160,32,32,0,1,1,4294967295
TTTTileset,1488,288,160,288,32,32,0,1,1,4294967295
TTTTileset,1488,256,160,256,32,32,0,1,1,4294967295
TTTTileset,1488,192,160,192,32,32,0,1,1,4294967295
TTTTileset,1488,224,160,224,32,32,0,1,1,4294967295
TTTTileset,1568,64,288,0,32,32,0,1,1,4294967295
TTTTileset,1568,192,288,128,32,32,0,1,1,4294967295
TTTTileset,1568,160,288,96,32,32,0,1,1,4294967295
TTTTileset,1568,96,288,32,32,32,0,1,1,4294967295
TTTTileset,1568,128,288,64,32,32,0,1,1,4294967295
TTTTileset,1568,320,288,0,32,32,0,1,1,4294967295
TTTTileset,1568,352,288,32,32,32,0,1,1,4294967295
TTTTileset,1568,384,288,64,32,32,0,1,1,4294967295
TTTTileset,1568,416,288,96,32,32,0,1,1,4294967295
TTTTileset,1568,448,288,128,32,32,0,1,1,4294967295
TTTTileset,1568,480,288,0,32,32,0,1,1,4294967295
TTTTileset,1568,512,288,32,32,32,0,1,1,4294967295
TTTTileset,1568,544,288,64,32,32,0,1,1,4294967295
TTTTileset,1568,576,288,128,32,32,0,1,1,4294967295
TTTTileset,1488,320,160,128,32,32,0,1,1,4294967295
TTTTileset,1520,320,192,128,32,32,0,1,1,4294967295
TTTTileset,1552,320,224,128,32,32,0,1,1,4294967295
TTTTileset,800,32,192,128,32,32,0,1,1,4294967295
TTTTileset,832,32,224,128,32,32,0,1,1,4294967295
TTTTileset,864,32,256,128,32,32,0,1,1,4294967295
TTTTileset,992,32,256,128,32,32,0,1,1,4294967295
TTTTileset,1120,32,256,128,32,32,0,1,1,4294967295
TTTTileset,1248,32,256,128,32,32,0,1,1,4294967295
TTTTileset,1376,32,256,128,32,32,0,1,1,4294967295
TTTTileset,1504,32,256,128,32,32,0,1,1,4294967295
TTTTileset,896,32,160,128,32,32,0,1,1,4294967295
TTTTileset,1024,32,160,128,32,32,0,1,1,4294967295
TTTTileset,1152,32,160,128,32,32,0,1,1,4294967295
TTTTileset,1280,32,160,128,32,32,0,1,1,4294967295
TTTTileset,1408,32,160,128,32,32,0,1,1,4294967295
TTTTileset,1536,32,160,128,32,32,0,1,1,4294967295
TTTTileset,928,32,192,128,32,32,0,1,1,4294967295
TTTTileset,1056,32,192,128,32,32,0,1,1,4294967295
TTTTileset,1184,32,192,128,32,32,0,1,1,4294967295
TTTTileset,1312,32,192,128,32,32,0,1,1,4294967295
TTTTileset,1440,32,192,128,32,32,0,1,1,4294967295
TTTTileset,1568,32,192,128,32,32,0,1,1,4294967295
TTTTileset,960,32,224,128,32,32,0,1,1,4294967295
TTTTileset,1088,32,224,128,32,32,0,1,1,4294967295
TTTTileset,1216,32,224,128,32,32,0,1,1,4294967295
TTTTileset,1344,32,224,128,32,32,0,1,1,4294967295
TTTTileset,1472,32,224,128,32,32,0,1,1,4294967295
TTTTileset,800,0,192,96,32,32,0,1,1,4294967295
TTTTileset,832,0,224,96,32,32,0,1,1,4294967295
TTTTileset,864,0,256,96,32,32,0,1,1,4294967295
TTTTileset,992,0,256,96,32,32,0,1,1,4294967295
TTTTileset,1120,0,256,96,32,32,0,1,1,4294967295
TTTTileset,1248,0,256,96,32,32,0,1,1,4294967295
TTTTileset,1376,0,256,96,32,32,0,1,1,4294967295
TTTTileset,1504,0,256,96,32,32,0,1,1,4294967295
TTTTileset,896,0,160,96,32,32,0,1,1,4294967295
TTTTileset,1024,0,160,96,32,32,0,1,1,4294967295
TTTTileset,1152,0,160,96,32,32,0,1,1,4294967295
TTTTileset,1280,0,160,96,32,32,0,1,1,4294967295
TTTTileset,1408,0,160,96,32,32,0,1,1,4294967295
TTTTileset,1536,0,160,96,32,32,0,1,1,4294967295
TTTTileset,928,0,192,96,32,32,0,1,1,4294967295
TTTTileset,1056,0,192,96,32,32,0,1,1,4294967295
TTTTileset,1184,0,192,96,32,32,0,1,1,4294967295
TTTTileset,1312,0,192,96,32,32,0,1,1,4294967295
TTTTileset,1440,0,192,96,32,32,0,1,1,4294967295
TTTTileset,1568,0,192,96,32,32,0,1,1,4294967295
TTTTileset,960,0,224,96,32,32,0,1,1,4294967295
TTTTileset,1088,0,224,96,32,32,0,1,1,4294967295
TTTTileset,1216,0,224,96,32,32,0,1,1,4294967295
TTTTileset,1344,0,224,96,32,32,0,1,1,4294967295
TTTTileset,1472,0,224,96,32,32,0,1,1,4294967295
TTTTileset,1216,352,256,0,32,32,0,1,1,4294967295
TTTTileset,1152,352,224,0,32,32,0,1,1,4294967295
TTTTileset,1216,352,128,0,32,32,0,1,1,4294967295
TTTTileset,1088,352,0,0,32,32,0,1,1,4294967295
TTTTileset,1120,352,32,0,32,32,0,1,1,4294967295
TTTTileset,1184,352,96,0,32,32,0,1,1,4294967295
TTTTileset,1152,352,64,0,32,32,0,1,1,4294967295
TTTTileset,1376,288,128,0,32,32,0,1,1,4294967295
TTTTileset,1312,288,0,0,32,32,0,1,1,4294967295
TTTTileset,1344,288,64,0,32,32,0,1,1,4294967295
TTTTileset,1376,288,96,0,32,32,0,1,1,4294967295
TTTTileset,1312,288,32,0,32,32,0,1,1,4294967295
TTTTileset,1200,224,64,0,32,32,0,1,1,4294967295
TTTTileset,1456,480,64,0,32,32,0,1,1,4294967295
TTTTileset,880,96,64,288,32,32,0,1,1,4294967295
TTTTileset,416,576,160,160,32,32,0,1,1,4294967295
TTTTileset,832,320,160,192,32,32,0,1,1,4294967295
TTTTileset,832,352,160,224,32,32,0,1,1,4294967295
TTTTileset,832,384,160,256,32,32,0,1,1,4294967295
TTTTileset,832,416,160,288,32,32,0,1,1,4294967295
TTTTileset,832,448,160,160,32,32,0,1,1,4294967295
TTTTileset,832,480,160,192,32,32,0,1,1,4294967295
TTTTileset,832,512,160,224,32,32,0,1,1,4294967295
TTTTileset,832,544,160,256,32,32,0,1,1,4294967295
TTTTileset,832,576,160,288,32,32,0,1,1,4294967295
TTTTileset,1056,192,160,160,32,32,0,1,1,4294967295
TTTTileset,1056,224,160,192,32,32,0,1,1,4294967295
TTTTileset,1056,320,160,256,32,32,0,1,1,4294967295
TTTTileset,1056,288,160,224,32,32,0,1,1,4294967295
TTTTileset,1056,256,160,224,32,32,0,1,1,4294967295
TTTTileset,992,192,160,160,32,32,0,1,1,4294967295
TTTTileset,992,224,160,288,32,32,0,1,1,4294967295
TTTTileset,960,224,96,0,32,32,0,1,1,4294967295
TTTTileset,1024,224,96,0,32,32,0,1,1,4294967295
