FollowBG,96,0,002AC4B1,0,1,1,4294967295,0,0
minispikeUp,1456,112,00264B93,0,1,1,4294967295,0,0
minispikeUp,1472,112,002EF63C,0,1,1,4294967295,0,0
minispikeUp,1312,112,00057D2E,0,1,1,4294967295,0,0
minispikeUp,1296,112,003672E4,0,1,1,4294967295,0,0
spikeDown,128,64,00312615,0,1,1,4294967295,0,0
spikeDown,160,64,000044E7,0,1,1,4294967295,0,0
spikeDown,192,64,000F6BA4,0,1,1,4294967295,0,0
spikeUp,240,384,0030393A,0,1,2,4294967295,0,0
spikeUp,304,384,003B71BF,0,1,2,4294967295,0,0
spikeDown,272,320,003F30FD,0,1,1,4294967295,0,0
spikeUp,272,416,0033BA9A,0,1,1,4294967295,0,0
spikeDown,480,512,00353BC5,0,1,1,4294967295,0,0
spikeDown,352,224,0005C5BB,0,1,1,4294967295,0,0
spikeDown,384,224,000E14A6,0,1,1,4294967295,0,0
spikeDown,416,224,002DA021,0,1,1,4294967295,0,0
spikeDown,448,224,00156ED5,0,1,1,4294967295,0,0
spikeDown,768,256,001290ED,0,1,1,4294967295,0,0
spikeDown,736,256,001C4296,0,1,1,4294967295,0,0
spikeDown,704,256,0010294F,0,1,1,4294967295,0,0
spikeDown,608,256,0032F30B,0,1,1,4294967295,0,0
spikeDown,576,256,00083B6A,0,1,1,4294967295,0,0
spikeDown,544,256,0012D1DA,0,1,1,4294967295,0,0
spikeDown,512,256,00206710,0,1,1,4294967295,0,0
spikeDown,672,256,00203DC0,0,1,1,4294967295,0,0
spikeDown,640,256,001D3B7D,0,1,1,4294967295,0,0
spikeLeft,384,128,0026D972,0,1,1,4294967295,0,0
spikeRight,512,480,0012FC50,0,1,1,4294967295,0,0
spikeUp,608,512,0035E08E,0,2,2,4294967295,0,0
spikeUp,704,544,0006F40F,0,1,1,4294967295,0,0
spikeUp,736,544,0004867F,0,1,1,4294967295,0,0
spikeUp,496,192,0016BE50,0,1,1,4294967295,0,0
spikeUp,608,192,001C3ADD,0,1,1,4294967295,0,0
spikeDown,928,352,003FBF44,0,1,1,4294967295,0,0
spikeDown,896,368,0023B314,0,1,1,4294967295,0,0
spikeDown,864,384,001F7184,0,1,1,4294967295,0,0
spikeLeft,448,480,00229B95,0,1,1,4294967295,0,0
spikeRight,960,320,003D1EE5,0,1,1,4294967295,0,0
spikeLeft,1024,320,001AF2DA,0,1,1,4294967295,0,0
spikeDown,992,256,003ABF4E,0,1,1,4294967295,0,0
spikeUp,1216,320,0000D0F3,0,1,1,4294967295,0,0
spikeUp,1184,320,000C477D,0,1,1,4294967295,0,0
spikeUp,1152,320,000440ED,0,1,1,4294967295,0,0
spikeUp,1120,320,003BF980,0,1,1,4294967295,0,0
spikeUp,1088,320,000E237F,0,1,1,4294967295,0,0
spikeDown,1056,384,003F4C99,0,1,1,4294967295,0,0
spikeDown,1088,384,0022DFCD,0,1,1,4294967295,0,0
spikeDown,1120,384,002AE0ED,0,1,1,4294967295,0,0
spikeDown,1152,384,002345CF,0,1,1,4294967295,0,0
spikeDown,1184,384,001A4882,0,1,1,4294967295,0,0
spikeDown,1216,384,00001060,0,1,1,4294967295,0,0
spikeRight,1248,352,003564C0,0,1,1,4294967295,0,0
spikeUp,1456,448,0028E41F,0,1,1,4294967295,0,0
spikeUp,1344,224,0030C78F,0,1,2,4294967295,0,0
spikeDown,1296,160,00092D03,0,1,2,4294967295,0,0
spikeDown,1328,160,0028CA6B,0,1,1,4294967295,0,0
spikeDown,1360,160,00341805,0,1,1,4294967295,0,0
spikeDown,1392,160,0033374B,0,1,2,4294967295,0,0
spikeDown,1424,160,0008854B,0,1,2,4294967295,0,0
spikeDown,1456,160,001B3FFC,0,1,2,4294967295,0,0
spikeDown,1120,160,0009D648,0,1.5,1,4294967295,0,0
spikeUp,1488,96,001DA066,0,1,1,4294967295,0,0
spikeUp,1424,96,00044DAB,0,1,1,4294967295,0,0
spikeUp,720,192,001D5792,0,1,1,4294967295,0,0
spikeUp,864,192,0025325A,0,1,1,4294967295,0,0
spikeUp,896,192,000D1232,0,1,1,4294967295,0,0
spikeUp,416,544,001679AB,0,1,1,4294967295,0,0
spikeRight,352,512,000DF937,0,1.5,1,4294967295,0,0
spikeDown,608,432,00264E0E,0,1,1,4294967295,0,0
spikeDown,640,432,002EFB17,0,1,1,4294967295,0,0
spikeLeft,1280,288,00055FA4,0,1,1,4294967295,0,0
spikeRight,1088,224,003481C4,0,1,1,4294967295,0,0
spikeLeft,1168,224,001F0BA6,0,1,1,4294967295,0,0
SpikeTrapScale,352,64,0034C6FC,0,1,1,4294967295,0,1
SpikeTrapScale,912,96,0035EDDC,0,1,1,4294967295,0,1
spikeDown,976,64,00113357,0,1,1,4294967295,0,0
spikeDown,1264,64,003776A9,0,1,1,4294967295,0,0
spikeDown,1328,64,0008B3F8,0,1,1,4294967295,0,0
spikeUp,576,544,001A21BA,0,1,1,4294967295,0,0
spikeUp,544,544,002C4CC3,0,1,1,4294967295,0,0
SpikeTrap,608,368,003AA281,0,1,1,4294967295,0,1
SpikeTrap,640,368,000CF3BA,0,1,1,4294967295,0,1
BlockMoveY,1056,608,00196F75,0,1,1,4294967295,0,1
BlockMoveY,1344,608,002F4DC5,0,1,1,4294967295,0,1
BlockMoveY,1216,608,002C404B,0,1,1,4294967295,0,1
BlockMoveY,1088,608,003F60D7,0,1,1,4294967295,0,1
BlockMoveY,1120,608,0032928B,0,1,1,4294967295,0,1
BlockMoveY,1152,608,00331EA6,0,1,1,4294967295,0,1
BlockMoveY,1184,608,0013E307,0,1,1,4294967295,0,1
WalljumpL,480,416,002EEE06,0,1,1,4294967295,0,0
WalljumpL,480,416,003332CE,0,1,1,4294967295,0,0
WalljumpL,480,416,00307315,0,1,1,4294967295,0,0
WalljumpL,480,384,003E577C,0,1,1,4294967295,0,0
WalljumpL,480,384,003E5900,0,1,1,4294967295,0,0
WalljumpL,480,384,002ADB99,0,1,1,4294967295,0,0
WalljumpL,480,384,00183866,0,1,1,4294967295,0,0
WalljumpL,480,384,0001E30F,0,1,1,4294967295,0,0
WalljumpL,480,352,003AB264,0,1,1,4294967295,0,0
WalljumpL,480,352,000F1C60,0,1,1,4294967295,0,0
WalljumpL,480,448,00269522,0,1,1,4294967295,0,0
warp,1568,256,002A2616,0,1,1,4294967295,0,1
movingPlatform,1456,64,00262ADC,0,1,1,4294967295,0,0
niseblock,1456,480,0019887F,0,1,1,4294967295,0,0
SmoothCamera,64,0,0030C185,0,1,1,4294967295,0,0
TTTRobot1,464,80,001EB1D7,0,1,1,4294967295,0,0
TTTRobot1,592,80,0034BA51,0,1,1,4294967295,0,0
TTTRobot1,720,80,000C60D4,0,1,1,4294967295,0,0
TTTRobot1,680,192,000CAAA6,0,1,1,4294967295,0,0
TTTRobot1,1552,256,001C3731,0,1,1,4294967295,0,0
TTTRobot1,1120,64,0021334D,0,1,1,4294967295,0,0
TTTRobot1,1152,64,001664AA,0,1,1,4294967295,0,0
TTTRobot1,1392,64,001FF5CA,0,1,1,4294967295,0,0
TTTRobot2,528,80,00122B94,0,1,1,4294967295,0,0
TTTRobot2,656,80,0008C76F,0,1,1,4294967295,0,0
TTTRobot2,568,192,00391F5B,0,1,1,4294967295,0,0
TTTRobot2,832,192,002411BB,0,1,1,4294967295,0,0
TTTRobot2,1056,96,000ECE5F,0,1,1,4294967295,0,0
TTTRobot2,1216,96,0005EDA3,0,1,1,4294967295,0,0
savePoint,160,544,0008F3E9,0,1,1,4294967295,0,0
savePoint,1024,192,0006BD2F,0,1,1,4294967295,0,0
savePoint,880,288,0002E9E5,0,1,1,4294967295,0,0
TTTBulletGun,640,416,0037BD0C,0,1,1,4294967295,0,1
TTTBulletGun,1472,496,0026B803,0,1,1,4294967295,0,1
TTTBulletGun,848,496,0033E823,0,1,1,4294967295,0,1
TTTBulletGun,1152,368,002E1730,0,1,1,4294967295,0,1
SpikeTrigger,672,544,000814C3,0,1,1,4294967295,0,1
SpikeTrigger,960,320,003C483D,0,3,1,4294967295,0,1
SpikeTrigger,1600,352,001A2B9E,0,1,1,4294967295,0,1
SpikeTrigger,384,160,00385807,0,1,1,4294967295,0,1
SpikeTrigger,912,64,001ECF92,0,1,1,4294967295,0,1
playerStart,64,32,000EDCFC,0,1,1,4294967295,0,0
TTTTrigger,1056,496,000E943A,0,1,1,4294967295,0,0
TitleCard,1600,0,001781D0,0,1,1,4294967295,0,0
block,0,0,00069B59,0,1,18,4294967295,0,0
block,128,0,0023B601,0,1,1,4294967295,0,0
block,352,32,000AAB33,0,38,1,4294967295,0,0
block,416,128,0026744C,0,34.5,1,4294967295,0,0
block,480,224,0014C6A8,0,1,9,4294967295,0,0
block,224,448,00201C12,0,4,4,4294967295,0,0
block,1568,64,00311369,0,1,5,4294967295,0,0
block,1488,160,0026B6D6,0,1,5,4294967295,0,0
block,864,352,0031FE4F,0,1,1,4294967295,0,0
block,928,288,00149D68,0,1,1,4294967295,0,0
block,832,288,003BB100,0,1,1,4294967295,0,0
block,1568,352,00346B3D,0,1,1,4294967295,0,0
block,1568,576,002973A1,0,1,1,4294967295,0,0
block,1568,544,00037477,0,1,1,4294967295,0,0
block,1568,512,00213646,0,1,1,4294967295,0,0
block,1568,480,002E1695,0,1,1,4294967295,0,0
block,1568,448,0017551B,0,1,1,4294967295,0,0
block,1568,416,000957D0,0,1,1,4294967295,0,0
block,1568,384,002E569E,0,1,1,4294967295,0,0
block,1312,288,002B6516,0,3,1,4294967295,0,0
block,880,96,0039400B,0,1,1,4294967295,0,0
block,992,192,00185287,0,1,1,4294967295,0,0
block,1056,192,0026C6B3,0,1,6,4294967295,0,0
block,640,400,000A4FA1,0,1,1,4294967295,0,0
block,608,400,00383F0E,0,1,1,4294967295,0,0
block,1200,224,003BDD55,0,1,1,4294967295,0,0
block,1456,480,0028C893,0,1,1,4294967295,0,0
block,32,576,2F9F7D23,0,6,1,4294967295,0,0
block,352,576,CF790204,0,3,1,4294967295,0,0
block,512,576,2229BDB3,0,8,1,4294967295,0,0
block,768,320,DB3089BF,0,3,9,4294967295,0,0
block,864,320,EADD7FE9,0,3,1,4294967295,0,0
block,896,352,FAD16E1A,0,1,0.5,4294967295,0,0
block,1088,352,0EE5E449,0,5,1,4294967295,0,0
block,512,224,2BB4CA63,0,17,1,4294967295,0,0
block,352,192,52696FEB,0,5,1,4294967295,0,0
block,128,32,BA0DB240,0,3,1,4294967295,0,0
block,224,64,286C8901,0,4,8,4294967295,0,0
block,1488,320,3E2DB531,0,3.5,1,4294967295,0,0
block,1600,224,567DE8F0,0,1,3,4294967295,0,0
