spikeLeft,320,224,00114D6C,0,1,1,4294967295,0,0
spikeLeft,480,352,00304263,0,1,1,4294967295,0,0
spikeLeft,544,320,0031BA09,0,1,1,4294967295,0,0
spikeLeft,608,416,00156D9E,0,1,1,4294967295,0,0
spikeLeft,736,416,001E0452,0,1,1,4294967295,0,0
spikeLeft,736,448,002615FE,0,1,1,4294967295,0,0
spikeLeft,736,480,002B5E81,0,1,1,4294967295,0,0
spikeLeft,192,320,001C935F,0,1,1,4294967295,0,0
spikeDown,576,256,003172D0,0,1,1,4294967295,0,0
spikeDown,640,224,001B49AA,0,1,1,4294967295,0,0
spikeDown,608,352,00188A1C,0,1,1,4294967295,0,0
spikeDown,336,448,001C100E,0,1,1,4294967295,0,0
spikeDown,704,576,0027EDA5,0,1,1,4294967295,0,0
spikeDown,640,576,000BE399,0,1,1,4294967295,0,0
spikeDown,576,576,0039C602,0,1,1,4294967295,0,0
spikeDown,512,576,00297DAE,0,1,1,4294967295,0,0
spikeDown,448,576,00022B34,0,1,1,4294967295,0,0
spikeDown,320,576,00156CAF,0,1,1,4294967295,0,0
spikeDown,256,576,0012DB6A,0,1,1,4294967295,0,0
spikeDown,192,576,0000AEF1,0,1,1,4294967295,0,0
spikeDown,672,512,001D9956,0,1,1,4294967295,0,0
spikeDown,416,512,002B0EDE,0,1,1,4294967295,0,0
spikeDown,352,512,003F1CDC,0,1,1,4294967295,0,0
spikeDown,224,512,001C2300,0,1,1,4294967295,0,0
spikeDown,160,512,001341ED,0,1,1,4294967295,0,0
spikeRight,32,128,00125488,0,1,1,4294967295,0,0
spikeUp,608,160,002AAB4E,0,1,1,4294967295,0,0
spikeUp,240,160,001A4663,0,1,1,4294967295,0,0
spikeUp,240,448,00289D3C,0,1,1,4294967295,0,0
spikeDown,544,512,002C1B96,0,1,1,4294967295,0,0
spikeUp,560,448,0009059E,0,1,1,4294967295,0,0
spikeUp,528,448,0000B689,0,1,1,4294967295,0,0
spikeUp,464,448,0003666D,0,1,1,4294967295,0,0
spikeUp,128,448,0019755D,0,1,1,4294967295,0,0
spikeUp,160,448,00202DDC,0,1,1,4294967295,0,0
BG2OrnEmperor,672,1184,0033E36E,0,1,1,4294967295,0,0
BG2OrnEmperor,224,1184,002DA354,0,1,1,4294967295,0,0
BG2OrnEmperor,448,1184,0024EC80,0,1,1,4294967295,0,0
BG2OrnEmperor,560,1184,001A65F9,0,1,1,4294967295,0,0
BG2OrnEmperor,336,1184,000DF7EE,0,1,1,4294967295,0,0
BG2OrnEmperor,112,1184,0039F8F4,0,1,1,4294967295,0,0
spikeRight,32,32,001D40E7,0,1,1,4294967295,0,0
spikeRight,32,64,001F7875,0,1,1,4294967295,0,0
spikeLeft,64,384,00159CD1,0,1,1,4294967295,0,0
SpikeTrap,384,160,0036C054,0,1,1,4294967295,0,1
SpikeTrap,384,256,0029A76E,0,1,1,4294967295,0,1
SpikeTrap,288,96,00006A98,0,1,1,4294967295,0,1
SpikeTrap,192,224,0016F4A9,0,1,1,4294967295,0,1
SpikeTrap,-32,256,0020F028,0,1,1,4294967295,0,1
SpikeTrap,128,256,0026B709,0,1,1,4294967295,0,1
SpikeTrap,256,256,0018A697,0,1,1,4294967295,0,1
SpikeTrap,448,224,00017E4A,0,1,1,4294967295,0,1
SpikeTrap,416,352,0020F7AF,0,1,1,4294967295,0,1
SpikeTrap,672,320,0031F76B,0,1,1,4294967295,0,1
SpikeTrap,736,384,000F572C,0,1,1,4294967295,0,1
SpikeTrap,288,352,0032225C,0,1,1,4294967295,0,1
SpikeTrap,736,512,0026F66C,0,1,1,4294967295,0,1
SpikeTrap,736,544,00147D67,0,1,1,4294967295,0,1
SpikeTrap,384,576,003D45BD,0,1,1,4294967295,0,1
SpikeTrap,288,512,002347BD,0,1,1,4294967295,0,1
SpikeTrap,480,512,000E9B24,0,1,1,4294967295,0,1
SpikeTrap,608,512,00126556,0,1,1,4294967295,0,1
SpikeTrap,432,416,00402295,0,1,1,4294967295,0,1
SpikeTrap,208,416,00130555,0,1,1,4294967295,0,1
SpikeTrap,272,416,00015868,0,1,1,4294967295,0,1
spikeUp,704,256,002EE480,0,1,1,4294967295,0,0
SpikeTrap,400,448,00203B74,0,1,1,4294967295,0,1
SpikeTrap,32,448,0034668C,0,1,1,4294967295,0,1
blockVis,640,192,001CD7B3,0,1,1,4294967295,0,1
BG2RakhrisTrap,-300,352,000A563C,0,1,1,4294967295,0,0
blockVis,288,576,00335A17,0,1,1,4294967295,0,1
BG2Warp,48,576,0019BF5F,0,1,1,4294967295,0,0
camera,224,64,00359BFD,0,1,1,4294967295,0,0
savePoint,224,32,000E0D54,0,1,1,4294967295,0,0
savePoint,32,320,003C58EB,0,1,1,4294967295,0,0
SpikeTrigger,512,144,0015004B,0,1,1,4294967295,0,1
SpikeTrigger,288,144,001D4716,0,1,1,4294967295,0,1
SpikeTrigger,64,144,0024B9A5,0,1,1,4294967295,0,1
SpikeTrigger,336,240,001903FA,0,1,1,4294967295,0,1
SpikeTrigger,672,240,00140C06,0,1,1,4294967295,0,1
SpikeTrigger,384,336,00233012,0,1,1,4294967295,0,1
SpikeTrigger,288,336,0016F258,0,1,1,4294967295,0,1
SpikeTrigger,560,528,001B2B40,0,1,1,4294967295,0,1
SpikeTrigger,448,528,0018A845,0,1,1,4294967295,0,1
SpikeTrigger,-32,576,00145CBC,0,1,1,4294967295,0,1
playerStart,176,64,002D5DB5,0,1,1,4294967295,0,0
SpikeTrigger,0,1152,003AFC54,0,25,1,4294967295,0,1
BlockDestroy,256,288,0034B482,0,1,1,4294967295,0,1
BlockDestroy,288,288,00159BDA,0,1,1,4294967295,0,1
TitleCard,800,0,00092A90,0,1,1,4294967295,0,0
block,0,32,00379174,0,1,18,4294967295,0,0
block,96,576,000BABBC,0,3,1,4294967295,0,0
block,224,576,002C11E2,0,1,1,4294967295,0,0
block,352,576,00011BFB,0,1,1,4294967295,0,0
block,416,576,001FFAD1,0,1,1,4294967295,0,0
block,480,576,00007D8B,0,1,1,4294967295,0,0
block,544,576,00166E53,0,1,1,4294967295,0,0
block,608,576,001F8D79,0,1,1,4294967295,0,0
block,672,576,000242BA,0,1,1,4294967295,0,0
block,736,576,001E64F6,0,1,1,4294967295,0,0
block,768,32,00047EB4,0,1,17,4294967295,0,0
block,32,96,0010FD21,0,1,1,4294967295,0,0
block,64,96,0006B11E,0,1,1,4294967295,0,0
block,96,96,0007C4C7,0,1,1,4294967295,0,0
block,128,96,003BE8B8,0,1,1,4294967295,0,0
block,160,96,00047346,0,1,1,4294967295,0,0
block,192,96,0028DF1D,0,1,1,4294967295,0,0
block,224,96,001F367C,0,1,1,4294967295,0,0
block,256,96,000906A2,0,1,1,4294967295,0,0
block,288,96,0013C9F8,0,1,1,4294967295,0,0
block,320,96,000B2F73,0,1,1,4294967295,0,0
block,352,96,002DD972,0,1,1,4294967295,0,0
block,576,96,00015459,0,1,1,4294967295,0,0
block,608,96,002D6392,0,1,1,4294967295,0,0
block,640,96,0025F248,0,1,1,4294967295,0,0
block,672,96,0007DAB1,0,1,1,4294967295,0,0
block,384,96,002DCD67,0,1,1,4294967295,0,0
block,416,96,001D49AF,0,1,1,4294967295,0,0
block,448,96,0003B26A,0,1,1,4294967295,0,0
block,480,96,0019A417,0,1,1,4294967295,0,0
block,512,96,00210898,0,1,1,4294967295,0,0
block,544,96,0007C4E5,0,1,1,4294967295,0,0
block,704,96,00219808,0,1,1,4294967295,0,0
block,96,256,0030153F,0,1,1,4294967295,0,0
block,128,320,0028A7EC,0,1,1,4294967295,0,0
block,96,384,0031588A,0,21,1,4294967295,0,0
block,640,416,002B8829,0,1,1,4294967295,0,0
block,32,608,000473F3,0,2,1,4294967295,0,0
block,224,0,00103C13,0,17,1,4294967295,0,0
block,128,512,000BBB39,0,1,1,4294967295,0,0
block,0,1184,00037DE8,0,25,1,4294967295,0,0
block,-32,608,00124E99,0,1,18,4294967295,0,0
block,800,576,00353698,0,1,19,4294967295,0,0
block,160,-32,5228EF09,0,2,1,4294967295,0,0
block,32,0,B220470E,0,4,1,4294967295,0,0
block,32,480,87D750DE,0,21,1,4294967295,0,0
block,32,288,EA8A936C,0,7,1,4294967295,0,0
block,320,288,E55AFD36,0,13,1,4294967295,0,0
block,672,192,FEEC0E46,0,3,1,4294967295,0,0
block,64,192,A561115D,0,18,1,4294967295,0,0
