SSCTile,0,96,0,0,32,32,0,1,1,4294967295
SSCTile,0,0,0,0,32,32,0,1,1,4294967295
SSCTile,0,32,0,0,32,32,0,1,1,4294967295
SSCTile,0,64,0,0,32,32,0,1,1,4294967295
SSCTile,0,128,0,0,32,32,0,1,1,4294967295
SSCTile,0,160,0,0,32,32,0,1,1,4294967295
SSCTile,0,192,0,0,32,32,0,1,1,4294967295
SSCTile,0,224,0,0,32,32,0,1,1,4294967295
SSCTile,32,0,0,0,32,32,0,1,1,4294967295
SSCTile,64,0,0,0,32,32,0,1,1,4294967295
SSCTile,96,0,0,0,32,32,0,1,1,4294967295
SSCTile,128,0,0,0,32,32,0,1,1,4294967295
SSCTile,160,0,0,0,32,32,0,1,1,4294967295
SSCTile,192,0,0,0,32,32,0,1,1,4294967295
SSCTile,224,0,0,0,32,32,0,1,1,4294967295
SSCTile,256,0,0,0,32,32,0,1,1,4294967295
SSCTile,384,0,0,0,32,32,0,1,1,4294967295
SSCTile,416,0,0,0,32,32,0,1,1,4294967295
SSCTile,480,0,0,0,32,32,0,1,1,4294967295
SSCTile,544,0,0,0,32,32,0,1,1,4294967295
SSCTile,576,0,0,0,32,32,0,1,1,4294967295
SSCTile,608,0,0,0,32,32,0,1,1,4294967295
SSCTile,640,0,0,0,32,32,0,1,1,4294967295
SSCTile,704,0,0,0,32,32,0,1,1,4294967295
SSCTile,736,0,0,0,32,32,0,1,1,4294967295
SSCTile,768,0,0,0,32,32,0,1,1,4294967295
SSCTile,768,32,0,0,32,32,0,1,1,4294967295
SSCTile,768,160,0,0,32,32,0,1,1,4294967295
SSCTile,768,192,0,0,32,32,0,1,1,4294967295
SSCTile,768,224,0,0,32,32,0,1,1,4294967295
SSCTile,768,256,0,0,32,32,0,1,1,4294967295
SSCTile,768,288,0,0,32,32,0,1,1,4294967295
SSCTile,768,320,0,0,32,32,0,1,1,4294967295
SSCTile,768,352,0,0,32,32,0,1,1,4294967295
SSCTile,768,384,0,0,32,32,0,1,1,4294967295
SSCTile,736,416,0,0,32,32,0,1,1,4294967295
SSCTile,768,416,0,0,32,32,0,1,1,4294967295
SSCTile,768,448,0,0,32,32,0,1,1,4294967295
SSCTile,768,480,0,0,32,32,0,1,1,4294967295
SSCTile,768,512,0,0,32,32,0,1,1,4294967295
SSCTile,768,544,0,0,32,32,0,1,1,4294967295
SSCTile,768,576,0,0,32,32,0,1,1,4294967295
SSCTile,640,576,0,0,32,32,0,1,1,4294967295
SSCTile,736,576,0,0,32,32,0,1,1,4294967295
SSCTile,736,544,0,0,32,32,0,1,1,4294967295
SSCTile,736,512,0,0,32,32,0,1,1,4294967295
SSCTile,736,480,0,0,32,32,0,1,1,4294967295
SSCTile,736,448,0,0,32,32,0,1,1,4294967295
SSCTile,640,448,0,0,32,32,0,1,1,4294967295
SSCTile,640,480,0,0,32,32,0,1,1,4294967295
SSCTile,640,512,0,0,32,32,0,1,1,4294967295
SSCTile,608,576,0,0,32,32,0,1,1,4294967295
SSCTile,576,576,0,0,32,32,0,1,1,4294967295
SSCTile,544,576,0,0,32,32,0,1,1,4294967295
SSCTile,512,576,0,0,32,32,0,1,1,4294967295
SSCTile,480,576,0,0,32,32,0,1,1,4294967295
SSCTile,448,576,0,0,32,32,0,1,1,4294967295
SSCTile,416,576,0,0,32,32,0,1,1,4294967295
SSCTile,384,480,0,0,32,32,0,1,1,4294967295
SSCTile,352,480,0,0,32,32,0,1,1,4294967295
SSCTile,320,480,0,0,32,32,0,1,1,4294967295
SSCTile,288,480,0,0,32,32,0,1,1,4294967295
SSCTile,256,512,0,0,32,32,0,1,1,4294967295
SSCTile,224,512,0,0,32,32,0,1,1,4294967295
SSCTile,160,544,0,0,32,32,0,1,1,4294967295
SSCTile,160,576,0,0,32,32,0,1,1,4294967295
SSCTile,192,576,0,0,32,32,0,1,1,4294967295
SSCTile,224,576,0,0,32,32,0,1,1,4294967295
SSCTile,256,576,0,0,32,32,0,1,1,4294967295
SSCTile,288,576,0,0,32,32,0,1,1,4294967295
SSCTile,320,576,0,0,32,32,0,1,1,4294967295
SSCTile,352,576,0,0,32,32,0,1,1,4294967295
SSCTile,384,576,0,0,32,32,0,1,1,4294967295
SSCTile,0,576,0,0,32,32,0,1,1,4294967295
SSCTile,32,544,0,0,32,32,0,1,1,4294967295
SSCTile,0,544,0,0,32,32,0,1,1,4294967295
SSCTile,0,512,0,0,32,32,0,1,1,4294967295
SSCTile,0,480,0,0,32,32,0,1,1,4294967295
SSCTile,-16,448,0,0,32,32,0,1,1,4294967295
SSCTile,0,416,0,0,32,32,0,1,1,4294967295
SSCTile,0,384,0,0,32,32,0,1,1,4294967295
SSCTile,0,352,0,0,32,32,0,1,1,4294967295
SSCTile,0,320,0,0,32,32,0,1,1,4294967295
SSCTile,0,288,0,0,32,32,0,1,1,4294967295
SSCTile,32,288,0,0,32,32,0,1,1,4294967295
SSCTile,64,288,0,0,32,32,0,1,1,4294967295
SSCTile,96,288,0,0,32,32,0,1,1,4294967295
SSCTile,96,256,0,0,32,32,0,1,1,4294967295
SSCTile,64,128,0,0,32,32,0,1,1,4294967295
SSCTile,192,128,0,0,32,32,0,1,1,4294967295
SSCTile,192,160,0,0,32,32,0,1,1,4294967295
SSCTile,192,192,0,0,32,32,0,1,1,4294967295
SSCTile,192,224,0,0,32,32,0,1,1,4294967295
SSCTile,192,256,0,0,32,32,0,1,1,4294967295
SSCTile,192,288,0,0,32,32,0,1,1,4294967295
SSCTile,192,320,0,0,32,32,0,1,1,4294967295
SSCTile,192,416,0,0,32,32,0,1,1,4294967295
SSCTile,160,416,0,0,32,32,0,1,1,4294967295
SSCTile,160,448,0,0,32,32,0,1,1,4294967295
SSCTile,128,448,0,0,32,32,0,1,1,4294967295
SSCTile,96,448,0,0,32,32,0,1,1,4294967295
SSCTile,64,448,0,0,32,32,0,1,1,4294967295
SSCTile,32,416,0,0,32,32,0,1,1,4294967295
SSCTile,288,352,0,0,32,32,0,1,1,4294967295
SSCTile,288,384,0,0,32,32,0,1,1,4294967295
SSCTile,320,384,0,0,32,32,0,1,1,4294967295
SSCTile,352,384,0,0,32,32,0,1,1,4294967295
SSCTile,384,384,0,0,32,32,0,1,1,4294967295
SSCTile,288,320,0,0,32,32,0,1,1,4294967295
SSCTile,288,288,0,0,32,32,0,1,1,4294967295
SSCTile,288,256,0,0,32,32,0,1,1,4294967295
SSCTile,288,224,0,0,32,32,0,1,1,4294967295
SSCTile,288,192,0,0,32,32,0,1,1,4294967295
SSCTile,288,160,0,0,32,32,0,1,1,4294967295
SSCTile,288,128,0,0,32,32,0,1,1,4294967295
SSCTile,320,128,0,0,32,32,0,1,1,4294967295
SSCTile,352,128,0,0,32,32,0,1,1,4294967295
SSCTile,384,128,0,0,32,32,0,1,1,4294967295
SSCTile,480,32,0,0,32,32,0,1,1,4294967295
SSCTile,480,64,0,0,32,32,0,1,1,4294967295
SSCTile,576,160,0,0,32,32,0,1,1,4294967295
SSCTile,608,160,0,0,32,32,0,1,1,4294967295
SSCTile,640,160,0,0,32,32,0,1,1,4294967295
SSCTile,672,160,0,0,32,32,0,1,1,4294967295
SSCTile,512,256,0,0,32,32,0,1,1,4294967295
SSCTile,480,256,0,0,32,32,0,1,1,4294967295
SSCTile,448,256,0,0,32,32,0,1,1,4294967295
SSCTile,384,256,0,0,32,32,0,1,1,4294967295
SSCTile,352,256,0,0,32,32,0,1,1,4294967295
SSCTile,512,416,0,0,32,32,0,1,1,4294967295
SSCTile,512,448,0,0,32,32,0,1,1,4294967295
SSCTile,544,448,0,0,32,32,0,1,1,4294967295
SSCTile,544,416,0,0,32,32,0,1,1,4294967295
SSCTile,672,288,0,0,32,32,0,1,1,4294967295
SSCTile,736,288,0,0,32,32,0,1,1,4294967295
SSCTile,144,576,0,0,32,32,0,1,1,4294967295
SSCTile,48,576,0,0,32,32,0,1,1,4294967295
SSCTile,32,576,0,0,32,32,0,1,1,4294967295
SSCTile,464,352,0,0,32,32,0,1,1,4294967295
SSCTile,128,144,0,0,32,32,0,1,1,4294967295
SSCTile,800,0,0,0,32,32,0,1,1,4294967295
SSCTile,832,0,0,0,32,32,0,1,1,4294967295
SSCTile,864,0,0,0,32,32,0,1,1,4294967295
SSCTile,896,0,0,0,32,32,0,1,1,4294967295
SSCTile,928,0,0,0,32,32,0,1,1,4294967295
SSCTile,960,0,0,0,32,32,0,1,1,4294967295
SSCTile,992,0,0,0,32,32,0,1,1,4294967295
SSCTile,1024,0,0,0,32,32,0,1,1,4294967295
SSCTile,1056,0,0,0,32,32,0,1,1,4294967295
SSCTile,1088,0,0,0,32,32,0,1,1,4294967295
SSCTile,1120,0,0,0,32,32,0,1,1,4294967295
SSCTile,1152,0,0,0,32,32,0,1,1,4294967295
SSCTile,1184,0,0,0,32,32,0,1,1,4294967295
SSCTile,1216,0,0,0,32,32,0,1,1,4294967295
SSCTile,1248,0,0,0,32,32,0,1,1,4294967295
SSCTile,1280,0,0,0,32,32,0,1,1,4294967295
SSCTile,1312,0,0,0,32,32,0,1,1,4294967295
SSCTile,1344,0,0,0,32,32,0,1,1,4294967295
SSCTile,1376,0,0,0,32,32,0,1,1,4294967295
SSCTile,1408,0,0,0,32,32,0,1,1,4294967295
SSCTile,1440,0,0,0,32,32,0,1,1,4294967295
SSCTile,1472,0,0,0,32,32,0,1,1,4294967295
SSCTile,1504,0,0,0,32,32,0,1,1,4294967295
SSCTile,1536,0,0,0,32,32,0,1,1,4294967295
SSCTile,1568,0,0,0,32,32,0,1,1,4294967295
SSCTile,1568,32,0,0,32,32,0,1,1,4294967295
SSCTile,1536,64,0,0,32,32,0,1,1,4294967295
SSCTile,1504,64,0,0,32,32,0,1,1,4294967295
SSCTile,1472,64,0,0,32,32,0,1,1,4294967295
SSCTile,1440,64,0,0,32,32,0,1,1,4294967295
SSCTile,1408,64,0,0,32,32,0,1,1,4294967295
SSCTile,1376,64,0,0,32,32,0,1,1,4294967295
SSCTile,1344,64,0,0,32,32,0,1,1,4294967295
SSCTile,1312,64,0,0,32,32,0,1,1,4294967295
SSCTile,1280,64,0,0,32,32,0,1,1,4294967295
SSCTile,1248,64,0,0,32,32,0,1,1,4294967295
SSCTile,1216,64,0,0,32,32,0,1,1,4294967295
SSCTile,1184,64,0,0,32,32,0,1,1,4294967295
SSCTile,1152,64,0,0,32,32,0,1,1,4294967295
SSCTile,1120,64,0,0,32,32,0,1,1,4294967295
SSCTile,1088,64,0,0,32,32,0,1,1,4294967295
SSCTile,1056,64,0,0,32,32,0,1,1,4294967295
SSCTile,1024,64,0,0,32,32,0,1,1,4294967295
SSCTile,992,64,0,0,32,32,0,1,1,4294967295
SSCTile,960,64,0,0,32,32,0,1,1,4294967295
SSCTile,928,64,0,0,32,32,0,1,1,4294967295
SSCTile,928,32,0,0,32,32,0,1,1,4294967295
SSCTile,960,32,0,0,32,32,0,1,1,4294967295
SSCTile,992,32,0,0,32,32,0,1,1,4294967295
SSCTile,1024,32,0,0,32,32,0,1,1,4294967295
SSCTile,1056,32,0,0,32,32,0,1,1,4294967295
SSCTile,1088,32,0,0,32,32,0,1,1,4294967295
SSCTile,1120,32,0,0,32,32,0,1,1,4294967295
SSCTile,1152,32,0,0,32,32,0,1,1,4294967295
SSCTile,1184,32,0,0,32,32,0,1,1,4294967295
SSCTile,1216,32,0,0,32,32,0,1,1,4294967295
SSCTile,1248,32,0,0,32,32,0,1,1,4294967295
SSCTile,1280,32,0,0,32,32,0,1,1,4294967295
SSCTile,1312,32,0,0,32,32,0,1,1,4294967295
SSCTile,1344,32,0,0,32,32,0,1,1,4294967295
SSCTile,1376,32,0,0,32,32,0,1,1,4294967295
SSCTile,1408,32,0,0,32,32,0,1,1,4294967295
SSCTile,1440,32,0,0,32,32,0,1,1,4294967295
SSCTile,1472,32,0,0,32,32,0,1,1,4294967295
SSCTile,1504,32,0,0,32,32,0,1,1,4294967295
SSCTile,1536,32,0,0,32,32,0,1,1,4294967295
SSCTile,1568,64,0,0,32,32,0,1,1,4294967295
SSCTile,1568,96,0,0,32,32,0,1,1,4294967295
SSCTile,1536,96,0,0,32,32,0,1,1,4294967295
SSCTile,1504,96,0,0,32,32,0,1,1,4294967295
SSCTile,1472,96,0,0,32,32,0,1,1,4294967295
SSCTile,1440,96,0,0,32,32,0,1,1,4294967295
SSCTile,1408,96,0,0,32,32,0,1,1,4294967295
SSCTile,1376,96,0,0,32,32,0,1,1,4294967295
SSCTile,1344,96,0,0,32,32,0,1,1,4294967295
SSCTile,1312,96,0,0,32,32,0,1,1,4294967295
SSCTile,1280,96,0,0,32,32,0,1,1,4294967295
SSCTile,1248,96,0,0,32,32,0,1,1,4294967295
SSCTile,1216,96,0,0,32,32,0,1,1,4294967295
SSCTile,1184,96,0,0,32,32,0,1,1,4294967295
SSCTile,1152,96,0,0,32,32,0,1,1,4294967295
SSCTile,1120,96,0,0,32,32,0,1,1,4294967295
SSCTile,1088,96,0,0,32,32,0,1,1,4294967295
SSCTile,1056,96,0,0,32,32,0,1,1,4294967295
SSCTile,1024,96,0,0,32,32,0,1,1,4294967295
SSCTile,992,96,0,0,32,32,0,1,1,4294967295
SSCTile,928,128,0,0,32,32,0,1,1,4294967295
SSCTile,928,160,0,0,32,32,0,1,1,4294967295
SSCTile,928,192,0,0,32,32,0,1,1,4294967295
SSCTile,928,224,0,0,32,32,0,1,1,4294967295
SSCTile,960,224,0,0,32,32,0,1,1,4294967295
SSCTile,992,224,0,0,32,32,0,1,1,4294967295
SSCTile,1152,224,0,0,32,32,0,1,1,4294967295
SSCTile,1184,224,0,0,32,32,0,1,1,4294967295
SSCTile,1216,224,0,0,32,32,0,1,1,4294967295
SSCTile,1344,224,0,0,32,32,0,1,1,4294967295
SSCTile,1376,224,0,0,32,32,0,1,1,4294967295
SSCTile,1408,224,0,0,32,32,0,1,1,4294967295
SSCTile,1440,224,0,0,32,32,0,1,1,4294967295
SSCTile,1472,224,0,0,32,32,0,1,1,4294967295
SSCTile,1504,224,0,0,32,32,0,1,1,4294967295
SSCTile,1536,224,0,0,32,32,0,1,1,4294967295
SSCTile,1568,224,0,0,32,32,0,1,1,4294967295
SSCTile,1568,192,0,0,32,32,0,1,1,4294967295
SSCTile,1536,192,0,0,32,32,0,1,1,4294967295
SSCTile,1504,192,0,0,32,32,0,1,1,4294967295
SSCTile,1472,192,0,0,32,32,0,1,1,4294967295
SSCTile,1440,192,0,0,32,32,0,1,1,4294967295
SSCTile,1408,192,0,0,32,32,0,1,1,4294967295
SSCTile,1376,192,0,0,32,32,0,1,1,4294967295
SSCTile,1344,192,0,0,32,32,0,1,1,4294967295
SSCTile,1216,192,0,0,32,32,0,1,1,4294967295
SSCTile,1184,192,0,0,32,32,0,1,1,4294967295
SSCTile,1152,192,0,0,32,32,0,1,1,4294967295
SSCTile,1120,192,0,0,32,32,0,1,1,4294967295
SSCTile,992,192,0,0,32,32,0,1,1,4294967295
SSCTile,960,192,0,0,32,32,0,1,1,4294967295
SSCTile,960,160,0,0,32,32,0,1,1,4294967295
SSCTile,1440,160,0,0,32,32,0,1,1,4294967295
SSCTile,1504,160,0,0,32,32,0,1,1,4294967295
SSCTile,1536,160,0,0,32,32,0,1,1,4294967295
SSCTile,1568,160,0,0,32,32,0,1,1,4294967295
SSCTile,1568,128,0,0,32,32,0,1,1,4294967295
SSCTile,1536,128,0,0,32,32,0,1,1,4294967295
SSCTile,1504,128,0,0,32,32,0,1,1,4294967295
SSCTile,1472,128,0,0,32,32,0,1,1,4294967295
SSCTile,1376,128,0,0,32,32,0,1,1,4294967295
SSCTile,1344,128,0,0,32,32,0,1,1,4294967295
SSCTile,992,128,0,0,32,32,0,1,1,4294967295
SSCTile,960,128,0,0,32,32,0,1,1,4294967295
SSCTile,960,96,0,0,32,32,0,1,1,4294967295
SSCTile,928,96,0,0,32,32,0,1,1,4294967295
SSCTile,992,160,0,0,32,32,0,1,1,4294967295
SSCTile,1344,160,0,0,32,32,0,1,1,4294967295
SSCTile,1376,160,0,0,32,32,0,1,1,4294967295
SSCTile,1408,160,0,0,32,32,0,1,1,4294967295
SSCTile,1408,128,0,0,32,32,0,1,1,4294967295
SSCTile,1440,128,0,0,32,32,0,1,1,4294967295
SSCTile,1472,160,0,0,32,32,0,1,1,4294967295
SSCTile,768,64,0,0,32,32,0,1,1,4294967295
SSCTile,768,96,0,0,32,32,0,1,1,4294967295
SSCTile,800,160,0,0,32,32,0,1,1,4294967295
SSCTile,800,192,0,0,32,32,0,1,1,4294967295
SSCTile,800,224,0,0,32,32,0,1,1,4294967295
SSCTile,800,256,0,0,32,32,0,1,1,4294967295
SSCTile,800,288,0,0,32,32,0,1,1,4294967295
SSCTile,800,320,0,0,32,32,0,1,1,4294967295
SSCTile,800,352,0,0,32,32,0,1,1,4294967295
SSCTile,800,384,0,0,32,32,0,1,1,4294967295
SSCTile,800,416,0,0,32,32,0,1,1,4294967295
SSCTile,800,448,0,0,32,32,0,1,1,4294967295
SSCTile,800,480,0,0,32,32,0,1,1,4294967295
SSCTile,800,512,0,0,32,32,0,1,1,4294967295
SSCTile,800,544,0,0,32,32,0,1,1,4294967295
SSCTile,800,576,0,0,32,32,0,1,1,4294967295
SSCTile,832,576,0,0,32,32,0,1,1,4294967295
SSCTile,832,544,0,0,32,32,0,1,1,4294967295
SSCTile,832,512,0,0,32,32,0,1,1,4294967295
SSCTile,832,480,0,0,32,32,0,1,1,4294967295
SSCTile,832,448,0,0,32,32,0,1,1,4294967295
SSCTile,832,416,0,0,32,32,0,1,1,4294967295
SSCTile,832,384,0,0,32,32,0,1,1,4294967295
SSCTile,832,352,0,0,32,32,0,1,1,4294967295
SSCTile,832,320,0,0,32,32,0,1,1,4294967295
SSCTile,832,288,0,0,32,32,0,1,1,4294967295
SSCTile,832,256,0,0,32,32,0,1,1,4294967295
SSCTile,832,224,0,0,32,32,0,1,1,4294967295
SSCTile,832,192,0,0,32,32,0,1,1,4294967295
SSCTile,832,160,0,0,32,32,0,1,1,4294967295
SSCTile,800,96,0,0,32,32,0,1,1,4294967295
SSCTile,800,64,0,0,32,32,0,1,1,4294967295
SSCTile,832,64,0,0,32,32,0,1,1,4294967295
SSCTile,832,96,0,0,32,32,0,1,1,4294967295
SSCTile,864,96,0,0,32,32,0,1,1,4294967295
SSCTile,864,160,0,0,32,32,0,1,1,4294967295
SSCTile,864,192,0,0,32,32,0,1,1,4294967295
SSCTile,864,224,0,0,32,32,0,1,1,4294967295
SSCTile,864,256,0,0,32,32,0,1,1,4294967295
SSCTile,864,288,0,0,32,32,0,1,1,4294967295
SSCTile,864,320,0,0,32,32,0,1,1,4294967295
SSCTile,864,352,0,0,32,32,0,1,1,4294967295
SSCTile,864,384,0,0,32,32,0,1,1,4294967295
SSCTile,864,416,0,0,32,32,0,1,1,4294967295
SSCTile,864,448,0,0,32,32,0,1,1,4294967295
SSCTile,864,480,0,0,32,32,0,1,1,4294967295
SSCTile,864,512,0,0,32,32,0,1,1,4294967295
SSCTile,864,544,0,0,32,32,0,1,1,4294967295
SSCTile,864,576,0,0,32,32,0,1,1,4294967295
SSCTile,896,384,0,0,32,32,0,1,1,4294967295
SSCTile,928,384,0,0,32,32,0,1,1,4294967295
SSCTile,960,384,0,0,32,32,0,1,1,4294967295
SSCTile,1056,384,0,0,32,32,0,1,1,4294967295
SSCTile,1088,384,0,0,32,32,0,1,1,4294967295
SSCTile,1120,384,0,0,32,32,0,1,1,4294967295
SSCTile,1152,384,0,0,32,32,0,1,1,4294967295
SSCTile,1184,384,0,0,32,32,0,1,1,4294967295
SSCTile,1216,384,0,0,32,32,0,1,1,4294967295
SSCTile,1248,384,0,0,32,32,0,1,1,4294967295
SSCTile,1344,384,0,0,32,32,0,1,1,4294967295
SSCTile,1376,384,0,0,32,32,0,1,1,4294967295
SSCTile,1408,384,0,0,32,32,0,1,1,4294967295
SSCTile,1440,384,0,0,32,32,0,1,1,4294967295
SSCTile,1472,384,0,0,32,32,0,1,1,4294967295
SSCTile,1536,384,0,0,32,32,0,1,1,4294967295
SSCTile,1504,352,0,0,32,32,0,1,1,4294967295
SSCTile,1504,320,0,0,32,32,0,1,1,4294967295
SSCTile,1504,288,0,0,32,32,0,1,1,4294967295
SSCTile,1504,256,0,0,32,32,0,1,1,4294967295
SSCTile,1536,256,0,0,32,32,0,1,1,4294967295
SSCTile,1536,288,0,0,32,32,0,1,1,4294967295
SSCTile,1536,320,0,0,32,32,0,1,1,4294967295
SSCTile,1536,352,0,0,32,32,0,1,1,4294967295
SSCTile,1504,448,0,0,32,32,0,1,1,4294967295
SSCTile,1504,480,0,0,32,32,0,1,1,4294967295
SSCTile,1504,512,0,0,32,32,0,1,1,4294967295
SSCTile,1504,544,0,0,32,32,0,1,1,4294967295
SSCTile,1504,576,0,0,32,32,0,1,1,4294967295
SSCTile,1536,576,0,0,32,32,0,1,1,4294967295
SSCTile,1568,512,0,0,32,32,0,1,1,4294967295
SSCTile,1568,480,0,0,32,32,0,1,1,4294967295
SSCTile,1568,448,0,0,32,32,0,1,1,4294967295
SSCTile,1568,416,0,0,32,32,0,1,1,4294967295
SSCTile,1568,384,0,0,32,32,0,1,1,4294967295
SSCTile,1568,352,0,0,32,32,0,1,1,4294967295
SSCTile,1568,320,0,0,32,32,0,1,1,4294967295
SSCTile,1568,288,0,0,32,32,0,1,1,4294967295
SSCTile,1568,256,0,0,32,32,0,1,1,4294967295
SSCTile,1568,576,0,0,32,32,0,1,1,4294967295
SSCTile,1568,544,0,0,32,32,0,1,1,4294967295
SSCTile,1536,544,0,0,32,32,0,1,1,4294967295
SSCTile,1536,512,0,0,32,32,0,1,1,4294967295
SSCTile,1536,480,0,0,32,32,0,1,1,4294967295
SSCTile,1536,448,0,0,32,32,0,1,1,4294967295
SSCTile,1536,416,0,0,32,32,0,1,1,4294967295
SSCTile,1504,416,0,0,32,32,0,1,1,4294967295
SSCTile,1504,384,0,0,32,32,0,1,1,4294967295
SSCTile,1312,384,0,0,32,32,0,1,1,4294967295
SSCTile,1280,384,0,0,32,32,0,1,1,4294967295
SSCTile,992,384,0,0,32,32,0,1,1,4294967295
SSCTile,1024,384,0,0,32,32,0,1,1,4294967295
SSCTile,896,416,0,0,32,32,0,1,1,4294967295
SSCTile,928,416,0,0,32,32,0,1,1,4294967295
SSCTile,960,416,0,0,32,32,0,1,1,4294967295
SSCTile,992,416,0,0,32,32,0,1,1,4294967295
SSCTile,1024,416,0,0,32,32,0,1,1,4294967295
SSCTile,1056,416,0,0,32,32,0,1,1,4294967295
SSCTile,1088,416,0,0,32,32,0,1,1,4294967295
SSCTile,1120,416,0,0,32,32,0,1,1,4294967295
SSCTile,1152,416,0,0,32,32,0,1,1,4294967295
SSCTile,1184,416,0,0,32,32,0,1,1,4294967295
SSCTile,1216,416,0,0,32,32,0,1,1,4294967295
SSCTile,1248,416,0,0,32,32,0,1,1,4294967295
SSCTile,1280,416,0,0,32,32,0,1,1,4294967295
SSCTile,1312,416,0,0,32,32,0,1,1,4294967295
SSCTile,1344,416,0,0,32,32,0,1,1,4294967295
SSCTile,1376,416,0,0,32,32,0,1,1,4294967295
SSCTile,1408,416,0,0,32,32,0,1,1,4294967295
SSCTile,1440,416,0,0,32,32,0,1,1,4294967295
SSCTile,1440,448,0,0,32,32,0,1,1,4294967295
SSCTile,1472,416,0,0,32,32,0,1,1,4294967295
SSCTile,1472,448,0,0,32,32,0,1,1,4294967295
SSCTile,1472,576,0,0,32,32,0,1,1,4294967295
SSCTile,1440,576,0,0,32,32,0,1,1,4294967295
SSCTile,1408,576,0,0,32,32,0,1,1,4294967295
SSCTile,1376,576,0,0,32,32,0,1,1,4294967295
SSCTile,1344,576,0,0,32,32,0,1,1,4294967295
SSCTile,1312,576,0,0,32,32,0,1,1,4294967295
SSCTile,1280,576,0,0,32,32,0,1,1,4294967295
SSCTile,1248,576,0,0,32,32,0,1,1,4294967295
SSCTile,1216,576,0,0,32,32,0,1,1,4294967295
SSCTile,1184,576,0,0,32,32,0,1,1,4294967295
SSCTile,1152,576,0,0,32,32,0,1,1,4294967295
SSCTile,1120,576,0,0,32,32,0,1,1,4294967295
SSCTile,1088,576,0,0,32,32,0,1,1,4294967295
SSCTile,1056,576,0,0,32,32,0,1,1,4294967295
SSCTile,1024,576,0,0,32,32,0,1,1,4294967295
SSCTile,992,576,0,0,32,32,0,1,1,4294967295
SSCTile,960,576,0,0,32,32,0,1,1,4294967295
SSCTile,928,576,0,0,32,32,0,1,1,4294967295
SSCTile,896,576,0,0,32,32,0,1,1,4294967295
SSCTile,896,544,0,0,32,32,0,1,1,4294967295
SSCTile,928,544,0,0,32,32,0,1,1,4294967295
SSCTile,960,544,0,0,32,32,0,1,1,4294967295
SSCTile,992,544,0,0,32,32,0,1,1,4294967295
SSCTile,1024,544,0,0,32,32,0,1,1,4294967295
SSCTile,1056,544,0,0,32,32,0,1,1,4294967295
SSCTile,1088,544,0,0,32,32,0,1,1,4294967295
SSCTile,1120,544,0,0,32,32,0,1,1,4294967295
SSCTile,1152,544,0,0,32,32,0,1,1,4294967295
SSCTile,1184,544,0,0,32,32,0,1,1,4294967295
SSCTile,1216,544,0,0,32,32,0,1,1,4294967295
SSCTile,1248,544,0,0,32,32,0,1,1,4294967295
SSCTile,1280,544,0,0,32,32,0,1,1,4294967295
SSCTile,1312,544,0,0,32,32,0,1,1,4294967295
SSCTile,1344,544,0,0,32,32,0,1,1,4294967295
SSCTile,1376,544,0,0,32,32,0,1,1,4294967295
SSCTile,1408,544,0,0,32,32,0,1,1,4294967295
SSCTile,1440,544,0,0,32,32,0,1,1,4294967295
SSCTile,1472,544,0,0,32,32,0,1,1,4294967295
SSCTile,1472,512,0,0,32,32,0,1,1,4294967295
SSCTile,1440,512,0,0,32,32,0,1,1,4294967295
SSCTile,1408,512,0,0,32,32,0,1,1,4294967295
SSCTile,1376,512,0,0,32,32,0,1,1,4294967295
SSCTile,1344,512,0,0,32,32,0,1,1,4294967295
SSCTile,1312,512,0,0,32,32,0,1,1,4294967295
SSCTile,1280,512,0,0,32,32,0,1,1,4294967295
SSCTile,1248,512,0,0,32,32,0,1,1,4294967295
SSCTile,1216,512,0,0,32,32,0,1,1,4294967295
SSCTile,1152,512,0,0,32,32,0,1,1,4294967295
SSCTile,1120,512,0,0,32,32,0,1,1,4294967295
SSCTile,1088,512,0,0,32,32,0,1,1,4294967295
SSCTile,1056,512,0,0,32,32,0,1,1,4294967295
SSCTile,1024,512,0,0,32,32,0,1,1,4294967295
SSCTile,992,512,0,0,32,32,0,1,1,4294967295
SSCTile,960,512,0,0,32,32,0,1,1,4294967295
SSCTile,928,512,0,0,32,32,0,1,1,4294967295
SSCTile,896,512,0,0,32,32,0,1,1,4294967295
SSCTile,896,480,0,0,32,32,0,1,1,4294967295
SSCTile,928,480,0,0,32,32,0,1,1,4294967295
SSCTile,960,480,0,0,32,32,0,1,1,4294967295
SSCTile,992,480,0,0,32,32,0,1,1,4294967295
SSCTile,1024,480,0,0,32,32,0,1,1,4294967295
SSCTile,1056,480,0,0,32,32,0,1,1,4294967295
SSCTile,1088,480,0,0,32,32,0,1,1,4294967295
SSCTile,1120,480,0,0,32,32,0,1,1,4294967295
SSCTile,1152,480,0,0,32,32,0,1,1,4294967295
SSCTile,1184,512,0,0,32,32,0,1,1,4294967295
SSCTile,1184,480,0,0,32,32,0,1,1,4294967295
SSCTile,1216,480,0,0,32,32,0,1,1,4294967295
SSCTile,1248,480,0,0,32,32,0,1,1,4294967295
SSCTile,1280,480,0,0,32,32,0,1,1,4294967295
SSCTile,1312,480,0,0,32,32,0,1,1,4294967295
SSCTile,1344,480,0,0,32,32,0,1,1,4294967295
SSCTile,1376,480,0,0,32,32,0,1,1,4294967295
SSCTile,1408,480,0,0,32,32,0,1,1,4294967295
SSCTile,1440,480,0,0,32,32,0,1,1,4294967295
SSCTile,1472,480,0,0,32,32,0,1,1,4294967295
SSCTile,1408,448,0,0,32,32,0,1,1,4294967295
SSCTile,1376,448,0,0,32,32,0,1,1,4294967295
SSCTile,1344,448,0,0,32,32,0,1,1,4294967295
SSCTile,1312,448,0,0,32,32,0,1,1,4294967295
SSCTile,1280,448,0,0,32,32,0,1,1,4294967295
SSCTile,1248,448,0,0,32,32,0,1,1,4294967295
SSCTile,1216,448,0,0,32,32,0,1,1,4294967295
SSCTile,1184,448,0,0,32,32,0,1,1,4294967295
SSCTile,1152,448,0,0,32,32,0,1,1,4294967295
SSCTile,1120,448,0,0,32,32,0,1,1,4294967295
SSCTile,1088,448,0,0,32,32,0,1,1,4294967295
SSCTile,1056,448,0,0,32,32,0,1,1,4294967295
SSCTile,960,448,0,0,32,32,0,1,1,4294967295
SSCTile,928,448,0,0,32,32,0,1,1,4294967295
SSCTile,896,448,0,0,32,32,0,1,1,4294967295
SSCTile,992,448,0,0,32,32,0,1,1,4294967295
SSCTile,1024,448,0,0,32,32,0,1,1,4294967295
SSCTile,896,96,0,0,32,32,0,1,1,4294967295
SSCTile,896,64,0,0,32,32,0,1,1,4294967295
SSCTile,864,64,0,0,32,32,0,1,1,4294967295
SSCTile,800,32,0,0,32,32,0,1,1,4294967295
SSCTile,832,32,0,0,32,32,0,1,1,4294967295
SSCTile,864,32,0,0,32,32,0,1,1,4294967295
SSCTile,896,32,0,0,32,32,0,1,1,4294967295
SSCTile,1472,256,0,0,32,32,0,1,1,4294967295
SSCTile,1440,256,0,0,32,32,0,1,1,4294967295
SSCTile,1408,256,0,0,32,32,0,1,1,4294967295
SSCTile,1376,256,0,0,32,32,0,1,1,4294967295
SSCTile,1344,256,0,0,32,32,0,1,1,4294967295
SSCTile,992,256,0,0,32,32,0,1,1,4294967295
SSCTile,960,256,0,0,32,32,0,1,1,4294967295
SSCTile,928,256,0,0,32,32,0,1,1,4294967295
SSCTile,1024,352,0,0,32,32,0,1,1,4294967295
SSCTile,304,0,0,0,32,32,0,1,1,4294967295
SSCTile,368,0,0,0,32,32,0,1,1,4294967295
SSCTile,288,0,0,0,32,32,0,1,1,4294967295
SSCTile,672,0,0,0,32,32,0,1,1,4294967295
SSCTile,1120,224,0,0,32,32,0,1,1,4294967295
SSCTile,1216,256,0,0,32,32,0,1,1,4294967295
SSCTile,1184,256,0,0,32,32,0,1,1,4294967295
SSCTile,1152,256,0,0,32,32,0,1,1,4294967295
SSCTile,1120,256,0,0,32,32,0,1,1,4294967295
SSCTile,1120,288,0,0,32,32,0,1,1,4294967295
SSCTile,1120,352,0,0,32,32,0,1,1,4294967295
SSCTile,1120,320,0,0,32,32,0,1,1,4294967295
SSCTile,1152,288,0,0,32,32,0,1,1,4294967295
SSCTile,1184,288,0,0,32,32,0,1,1,4294967295
SSCTile,1216,288,0,0,32,32,0,1,1,4294967295
SSCTile,1216,320,0,0,32,32,0,1,1,4294967295
SSCTile,1184,320,0,0,32,32,0,1,1,4294967295
SSCTile,1184,352,0,0,32,32,0,1,1,4294967295
SSCTile,1152,320,0,0,32,32,0,1,1,4294967295
SSCTile,1152,352,0,0,32,32,0,1,1,4294967295
SSCTile,1216,352,0,0,32,32,0,1,1,4294967295
SSCTile,1280,352,0,0,32,32,0,1,1,4294967295
SSCTile,1088,256,0,0,32,32,0,1,1,4294967295
