minispikeUp,128,128,0014D416,0,1,1,4294967295,0,1
minispikeUp,144,128,003B7C2B,0,1,1,4294967295,0,1
minispikeUp,320,112,000F905B,0,1,1,4294967295,0,0
minispikeUp,336,112,0037F0B9,0,1,1,4294967295,0,1
minispikeUp,368,112,003DBB68,0,1,1,4294967295,0,0
minispikeUp,352,112,0002B44A,0,1,1,4294967295,0,1
minispikeUp,336,368,0011CAAB,0,1,1,4294967295,0,0
minispikeUp,368,368,000BB398,0,1,1,4294967295,0,0
minispikeUp,304,352,0039C72D,0,1,1,4294967295,0,0
minispikeUp,352,368,00240932,0,1,1,4294967295,0,0
minispikeUp,320,368,00301962,0,1,1,4294967295,0,0
minispikeUp,16,16,003B749B,0,1,1,4294967295,0,0
spikeDown,96,32,001E3540,0,1,1,4294967295,0,0
spikeDown,128,32,00069FA0,0,1,1,4294967295,0,0
spikeDown,160,32,0003BF9C,0,1,1,4294967295,0,0
spikeDown,192,32,0011FE8D,0,1,1,4294967295,0,0
spikeDown,224,32,00163DF4,0,1,1,4294967295,0,0
spikeDown,256,32,00181663,0,1,1,4294967295,0,0
spikeDown,64,160,00338E2A,0,1,1,4294967295,0,0
spikeDown,128,176,00248D6D,0,1,1,4294967295,0,0
spikeUp,96,224,00372172,0,1,1,4294967295,0,0
spikeLeft,160,192,00174B2D,0,1,1,4294967295,0,0
spikeDown,96,320,001552DC,0,1,1,4294967295,0,0
spikeUp,32,384,00197352,0,1,1,4294967295,0,0
spikeUp,64,416,004011FB,0,1,1,4294967295,0,0
spikeUp,96,416,002765D4,0,1,1,4294967295,0,0
spikeUp,128,416,000482DF,0,1,1,4294967295,0,0
spikeUp,160,384,00044E0A,0,1,1,4294967295,0,0
spikeDown,80,480,003FF3C2,0,1,1,4294967295,0,0
spikeDown,112,480,00243BF7,0,1,1,4294967295,0,0
spikeUp,32,512,001677C3,0,1,1,4294967295,0,0
spikeUp,160,512,002E33CF,0,1,1,4294967295,0,0
spikeRight,80,576,002AFD4A,0,1,1,4294967295,0,0
spikeLeft,112,576,002D5F0C,0,1,1,4294967295,0,0
spikeUp,224,320,001AAEBB,0,1,1,4294967295,0,0
spikeUp,256,320,0011CC79,0,1,1,4294967295,0,0
spikeUp,288,96,003947D8,0,1,1,4294967295,0,0
spikeUp,384,96,00184133,0,1,1,4294967295,0,0
spikeDown,480,96,00253202,0,1,1,4294967295,0,0
spikeDown,640,32,000A3D07,0,1,1,4294967295,0,0
spikeUp,672,128,00333E38,0,1,1,4294967295,0,0
spikeUp,448,224,000EF93E,0,1,1,4294967295,0,0
spikeUp,512,224,00308EF1,0,1,1,4294967295,0,0
spikeDown,480,288,0039C8DB,0,1,1,4294967295,0,0
spikeDown,512,288,0025AC85,0,1,1,4294967295,0,0
spikeDown,672,320,002C3622,0,1,1,4294967295,0,0
spikeDown,736,320,0037E216,0,1,1,4294967295,0,0
spikeDown,512,480,0006EABA,0,1,1,4294967295,0,0
spikeDown,336,416,0001AC09,0,1,1,4294967295,0,0
spikeDown,464,384,0038A7B3,0,1,1,4294967295,0,0
spikeUp,512,384,003756B8,0,1,1,4294967295,0,0
spikeUp,544,384,001D0B97,0,1,1,4294967295,0,0
spikeUp,640,416,00017AAF,0,1,1,4294967295,0,0
spikeUp,736,384,003DA52F,0,1,1,4294967295,0,0
spikeUp,416,544,001218D0,0,1,1,4294967295,0,0
spikeUp,288,448,00244205,0,1,1,4294967295,0,0
spikeUp,256,480,003773F6,0,1,1,4294967295,0,0
minispikeRight,192,448,002E1F27,0,1,1,4294967295,0,1
minispikeRight,192,464,002DA139,0,1,1,4294967295,0,1
spikeLeft,480,416,0003D4DA,0,1,1,4294967295,0,0
spikeDown,320,160,003F400D,0,1,1,4294967295,0,0
spikeDown,352,160,003AA031,0,1,1,4294967295,0,0
spikeDown,384,160,001E6A46,0,1,1,4294967295,0,0
spikeDown,592,192,00195FAC,0,1,1,4294967295,0,0
spikeRight,672,448,00318DBE,0,1,1,4294967295,0,0
spikeLeft,608,448,001A4BD4,0,1,1,4294967295,0,0
spikeLeft,704,544,000348CD,0,1,1,4294967295,0,0
minispikeRight,416,264,0005A93B,0,1,1,4294967295,0,0
minispikeRight,544,272,00211FBE,0,1,1,4294967295,0,0
minispikeRight,704,296,0029E3DE,0,1,1,4294967295,0,0
minispikeLeft,432,264,0021D152,0,1,1,4294967295,0,0
minispikeLeft,656,288,00047260,0,1,1,4294967295,0,0
minispikeLeft,720,296,003BD4E2,0,1,1,4294967295,0,0
spikeDown,656,192,002B78B5,0,1,1,4294967295,0,0
spikeUp,576,128,0017ED2A,0,1,1,4294967295,0,0
spikeUp,896,352,0036C248,0,1,1,4294967295,0,0
spikeUp,928,352,001278D9,0,1,1,4294967295,0,0
spikeUp,960,352,0005A082,0,1,1,4294967295,0,0
spikeDown,976,288,0028DFD4,0,1,1,4294967295,0,0
spikeUp,1024,320,00225702,0,1,1,4294967295,0,0
spikeUp,608,128,0002112D,0,1,1,4294967295,0,0
spikeUp,640,128,002DDC80,0,1,1,4294967295,0,0
spikeDown,544,480,000AB3D4,0,1,1,4294967295,0,0
minispikeDown,224,352,000981C0,0,1,1,4294967295,0,0
minispikeDown,240,352,00138E0F,0,1,1,4294967295,0,0
minispikeDown,256,352,003B5C1F,0,1,1,4294967295,0,0
minispikeDown,272,352,001A90B7,0,1,1,4294967295,0,0
spikeUp,384,448,0006E097,0,1,1,4294967295,0,0
spikeUp,384,544,001BC110,0,1,1,4294967295,0,0
spikeUp,320,544,0030560B,0,1,1,4294967295,0,0
spikeDown,288,512,000A564E,0,1,1,4294967295,0,0
SpikeTrap,336,32,0008237D,0,1,1,4294967295,0,1
spikeUp,480,224,000E60D6,0,1,1,4294967295,0,0
SpikeTrap,624,240,0026A8E5,0,1,1,4294967295,0,1
SpikeTrap,624,304,003DD8D2,0,1,1,4294967295,0,1
SpikeTrap,384,352,001B5E94,0,1,1,4294967295,0,1
SpikeTrap,352,256,00330F72,0,1,1,4294967295,0,1
SpikeTrap,320,352,00393982,0,1,1,4294967295,0,1
SpikeTrap,352,352,00394C65,0,1,1,4294967295,0,1
SpikeTrap,464,320,00024F6C,0,1,1,4294967295,0,1
SpikeTrap,448,544,0016D7A8,0,1,1,4294967295,0,1
SpikeTrap,480,544,002CE8D9,0,1,1,4294967295,0,1
SpikeTrap,560,288,000D8E5A,0,1,1,4294967295,0,1
SpikeTrap,608,288,0014D897,0,1,1,4294967295,0,1
SpikeTrap,576,320,00317DD5,0,1,1,4294967295,0,1
SpikeTrap,128,144,000EAB55,0,1,1,4294967295,0,1
SpikeTrap,96,272,0006CD7A,0,1,1,4294967295,0,1
spikeRight,224,128,0036E7E5,0,1,1,4294967295,0,0
spikeLeft,256,224,0032E63E,0,1,1,4294967295,0,0
spikeDown,576,32,002BF760,0,1,1,4294967295,0,0
spikeDown,608,32,002242CE,0,1,1,4294967295,0,0
spikeDown,672,32,00347C06,0,1,1,4294967295,0,0
SpikeTrap,448,32,000A55A4,0,1,1,4294967295,0,1
SpikeTrap,512,32,001C3970,0,1,1,4294967295,0,1
spikeUp,1088,352,3B4E5A2A,0,1,1,4294967295,0,0
spikeUp,1056,352,F2399D47,0,1,1,4294967295,0,0
spikeRight,1024,256,3F0997FA,0,1,1,4294967295,0,0
spikeLeft,1088,192,4C8B2A23,0,1,1,4294967295,0,0
spikeUp,1120,160,096F1BB4,0,1,1,4294967295,0,0
spikeDown,1088,128,5D0F5145,0,1,1,4294967295,0,0
spikeUp,1184,160,C17C24E0,0,1,1,4294967295,0,0
spikeUp,1216,160,2A5C4ABE,0,1,1,4294967295,0,0
spikeRight,1248,256,24FF5483,0,1,1,4294967295,0,0
spikeLeft,1312,256,DD48BA1A,0,1,1,4294967295,0,0
spikeUp,1280,320,774320D5,0,1,1,4294967295,0,0
spikeUp,1312,352,2FC14A81,0,1,1,4294967295,0,0
spikeUp,1344,352,77B1F5AD,0,1,1,4294967295,0,0
spikeDown,1344,288,B9A1446B,0,1,1,4294967295,0,0
BlockMoveY,624,272,003EBEC3,0,1,1,4294967295,0,1
camera,32,224,0025F956,0,1,1,4294967295,0,0
GravityDown,48,32,000C05AF,0,1,1,4294967295,0,0
GravityDown,720,32,002A0D21,0,1,1,4294967295,0,0
GravityDown,656,352,00015706,0,1,1,4294967295,0,0
GravityDown,48,480,001130CC,0,1,1,4294967295,0,0
GravityUp,240,288,0007341E,0,1,1,4294967295,0,0
GravityUp,32,320,0017C0CF,0,1,1,4294967295,0,0
GravityUp,384,304,003D8BD7,0,1,1,4294967295,0,0
GravityUp,576,544,00130964,0,1,1,4294967295,0,0
SSCCoin,1424,320,002DD6BD,0,1,1,4294967295,0,0
blockNotVis,480,512,00248331,0,1,1,4294967295,0,1
blockVis,224,352,0005C45C,0,1,1,4294967295,0,1
blockVis,256,352,00146A57,0,1,1,4294967295,0,1
SSCFireTrigger,48,480,000B7662,0,1,1,4294967295,0,0
BlockMoveY,576,288,001D8DC7,0,1,1,4294967295,0,1
BlockMoveY,336,0,00377832,0,1,1,4294967295,0,1
BlockMoveY,336,-32,002942FA,0,1,1,4294967295,0,1
BlockMoveY,448,-32,00216698,0,1,1,4294967295,0,1
BlockMoveY,512,-32,003A68AD,0,1,1,4294967295,0,1
BlockMoveY,512,-64,00228A5D,0,1,1,4294967295,0,1
BlockMoveY,448,-64,00305E0D,0,1,1,4294967295,0,1
BlockMoveY,448,0,002D95FA,0,1,1,4294967295,0,1
BlockMoveY,512,0,00310162,0,1,1,4294967295,0,1
blockVis,768,128,003CAAA3,0,1,1,4294967295,0,1
SSCFire,320,480,00212CA7,0,1,1,4294967295,0,0
SSCFire,160,576,00195C71,0,1,1,4294967295,90,0
savePoint,48,256,0024F184,0,1,1,4294967295,0,0
savePoint,736,256,000BB666,0,1,1,4294967295,0,0
SSCFire,192,576,0035C785,0,1,1,4294967295,0,0
FakeWarp,688,576,00379A29,0,1,1,4294967295,0,1
SSCFire,512,480,00194B3C,0,1,1,4294967295,90,0
SSCFire,576,416,000FF259,0,1,1,4294967295,-90,0
SSCFire,224,512,000E6C20,0,1,1,4294967295,0,0
savePoint,32,448,000592A5,0,1,1,4294967295,0,0
playerStart,0,256,00382404,0,1,1,4294967295,0,0
SpikeTrigger,32,320,00124DCA,0,1,1,4294967295,0,1
SpikeTrigger,64,112,001FD83B,0,1,1,4294967295,0,1
SpikeTrigger,288,32,0018E29E,0,1,3,4294967295,0,1
SpikeTrigger,240,288,0028E267,0,1,1,4294967295,0,1
SpikeTrigger,672,192,000493A8,0,1,3,4294967295,0,1
SpikeTrigger,384,160,0029A5E9,0,1,3,4294967295,0,1
SpikeTrigger,479,511,00018292,0,1,1,4294967295,0,1
SpikeTrigger,480,320,000327EB,0,1,1,4294967295,0,1
SpikeTrigger,640,608,0026DB45,0,1,1,4294967295,0,1
SpikeTrigger,384,32,000D9EAA,0,1,3,4294967295,0,1
BlockDestroy,384,512,0007A707,0,1,1,4294967295,0,1
BlockDestroy,384,544,003660CE,0,1,1,4294967295,0,1
BlockDestroy,352,512,0038F8F5,0,1,1,4294967295,0,1
BlockDestroy,352,544,0027D0AB,0,1,1,4294967295,0,1
BlockDestroy,640,544,002D2395,0,1,1,4294967295,0,1
BlockDestroy,320,512,00109A68,0,1,1,4294967295,0,1
BlockDestroy,320,544,00118D8D,0,1,1,4294967295,0,1
BlockDestroy,288,512,001938C9,0,1,1,4294967295,0,1
BlockDestroy,288,544,003582EE,0,1,1,4294967295,0,1
BlockDestroy,256,544,00257BFD,0,1,1,4294967295,0,1
BlockDestroy,224,544,0040323A,0,1,1,4294967295,0,1
BlockDestroy,192,544,000C7FBB,0,1,1,4294967295,0,1
BlockDestroy,192,512,00030D9E,0,1,1,4294967295,0,1
BlockDestroy,192,352,0016E905,0,1,1,4294967295,0,1
BlockDestroy,192,384,002EE9CB,0,1,1,4294967295,0,1
TitleCard,800,-160,0002D545,0,1,1,4294967295,0,0
block,0,480,0023A8BD,0,1,2,4294967295,0,0
block,0,288,001FFB67,0,1,5,4294967295,0,0
block,0,32,002A14D1,0,1,7,4294967295,0,0
block,32,0,00232175,0,9.5,1,4294967295,0,0
block,32,544,002D4676,0,1,1,4294967295,0,0
block,48,576,003EC3E0,0,1,1,4294967295,0,0
block,144,576,001EAFD9,0,16.5,1,4294967295,0,0
block,192,128,00246D95,0,1,7,4294967295,0,0
block,160,544,001966BC,0,1,1,4294967295,0,0
block,224,512,00357351,0,2,1,4294967295,0,0
block,32,416,000DCB6F,0,1,1,4294967295,0,0
block,-16,448,001952F9,0,1,1,4294967295,0,0
block,160,416,001AB62A,0,2,1,4294967295,0,0
block,288,160,003E4481,0,1,7,4294967295,0,0
block,288,128,00260C54,0,4,1,4294967295,0,0
block,288,384,0016D16C,0,4,1,4294967295,0,0
block,352,256,002EED0E,0,2,1,4294967295,0,0
block,448,256,0001D8B5,0,3,1,4294967295,0,0
block,672,288,00297A1C,0,1,1,4294967295,0,0
block,736,288,00021B5F,0,1,1,4294967295,0,0
block,576,160,00241E6B,0,4,1,4294967295,0,0
block,736,416,0030E5FD,0,1,1,4294967295,0,0
block,736,448,000510E7,0,1,1,4294967295,0,0
block,736,480,00387743,0,1,1,4294967295,0,0
block,736,512,000FB92B,0,1,1,4294967295,0,0
block,736,544,00320707,0,1,1,4294967295,0,0
block,640,448,0021A528,0,1,3,4294967295,0,0
block,512,416,002A0823,0,2,2,4294967295,0,0
block,464,352,0006AF2F,0,1,1,4294967295,0,0
block,736,576,00108E4A,0,1,1,4294967295,0,0
block,-32,256,000B6ADD,0,1,1,4294967295,0,0
block,864,192,000EBFD8,0,1,6,4294967295,0,0
block,928,128,00046B8F,0,3,5,4294967295,0,0
block,896,384,00088C53,0,19,1,4294967295,0,0
block,1504,288,0018132B,0,1,3,4294967295,0,0
block,800,96,002B4BF0,0,17,1,4294967295,0,0
block,1024,352,0019658E,0,1,1,4294967295,0,0
block,672,608,00396B49,0,2,1,4294967295,0,0
block,32,288,E1003F50,0,3,1,4294967295,0,0
block,96,256,5DDCAEB8,0,1,1,4294967295,0,0
block,64,128,525BDC4B,0,1,1,4294967295,0,0
block,128,144,299CDBE5,0,1,1,4294967295,0,0
block,368,0,8299761F,0,2.5,1,4294967295,0,0
block,480,0,F34B3EDA,0,1,3,4294967295,0,0
block,544,0,C79BB34E,0,7,1,4294967295,0,0
block,768,32,4D70BB8F,0,1,3,4294967295,0,0
block,768,160,1A2E1AAB,0,1,8,4294967295,0,0
block,800,160,FD6C6750,0,3,1,4294967295,0,0
block,64,448,88178B7D,0,4,1,4294967295,0,0
block,288,480,FB206ACE,0,4,1,4294967295,0,0
block,1120,192,D6AFB166,0,4,6,4294967295,0,0
block,1344,128,B59535D5,0,5,5,4294967295,0,0
block,1088,256,869A497A,0,1,1,4294967295,0,0
block,1280,352,105A6286,0,1,1,4294967295,0,0
